"Função heurística: original",Reloads,FoldedReloads,ZeroCostFoldedReloads,Spills,FoldedSpills,Copies,ReloadsCost,FoldedReloadsCost,SpillsCost,FoldedSpillsCost,CopiesCost
function@Perl_re_compile,0,0,0,0,0,1,0,0,0,0,1
function@Perl_re_intuit_string,0,0,0,0,0,0,0,0,0,0,0
function@Perl_regfree_internal,0,0,0,0,0,3,0,0,0,0,2.5
function@Perl_reg_numbered_buff_fetch,0,0,0,0,0,10,0,0,0,0,2.43846
function@Perl_reg_numbered_buff_store,0,0,0,0,0,0,0,0,0,0,0
function@Perl_reg_numbered_buff_length,0,0,0,0,0,12,0,0,0,0,2.82281
function@Perl_reg_named_buff,0,0,0,0,0,7,0,0,0,0,0.939199
function@Perl_reg_named_buff_iter,0,0,0,0,0,6,0,0,0,0,2.95
function@Perl_reg_qr_package,0,0,0,0,0,0,0,0,0,0,0
function@Perl_re_op_compile,194,0,0,32,0,142,484.48,0,86.1948,0,3423.76
function@Perl_reginitcolors,0,0,0,0,0,0,0,0,0,0,0
function@Perl_current_re_engine,0,0,0,0,0,4,0,0,0,0,0.606009
function@Perl_pregcomp,0,0,0,0,0,5,0,0,0,0,5
function@Perl__new_invlist_C_array,0,0,0,0,0,3,0,0,0,0,3
function@Perl__new_invlist,0,0,0,0,0,3,0,0,0,0,2.75
function@Perl__add_range_to_invlist,0,0,0,0,0,16,0,0,0,0,7.27881
function@S_concat_pat,41,0,0,15,0,49,206.896,0,52.2692,0,494.679
function@S_reg,650,0,0,39,0,220,180.743,0,13.5807,0,51.1529
function@Perl_regnext,0,0,0,0,0,3,0,0,0,0,1.58824
function@S_ssc_init,0,0,0,0,0,5,0,0,0,0,4.75
function@S_study_chunk,919,0,0,152,0,248,16247,0,3221.23,0,5880.61
function@S_scan_commit,0,0,0,0,0,5,0,0,0,0,4.61905
function@S_is_ssc_worth_it,0,0,0,0,0,9,0,0,0,0,9.37459
function@S_add_data,0,0,0,0,0,9,0,0,0,0,7.38095
function@S_ssc_finalize,0,0,0,0,0,9,0,0,0,0,8.1875
function@Perl_reg_named_buff_fetch,0,0,0,0,0,24,0,0,0,0,18.8282
function@Perl_reg_named_buff_exists,0,0,0,0,0,5,0,0,0,0,1.8626
function@Perl_reg_named_buff_all,0,0,0,0,0,11,0,0,0,0,20.1692
function@Perl_reg_named_buff_scalar,0,0,0,0,0,3,0,0,0,0,0.174312
function@Perl_reg_named_buff_firstkey,0,0,0,0,0,3,0,0,0,0,2.4
function@Perl_reg_named_buff_nextkey,0,0,0,0,0,4,0,0,0,0,6.1
function@Perl__invlist_search,0,0,0,0,0,4,0,0,0,0,0.191176
function@Perl__invlist_populate_swatch,0,0,0,0,0,6,0,0,0,0,1.59672
function@Perl__invlist_union_maybe_complement_2nd,9,0,0,5,0,51,3.67484,0,1.28351,0,10.0981
function@S_invlist_clone,0,0,0,0,0,6,0,0,0,0,5.2
function@Perl__invlist_invert,0,0,0,0,0,0,0,0,0,0,0
function@S__append_range_to_invlist,0,0,0,0,0,6,0,0,0,0,4.09174
function@Perl__invlist_intersection_maybe_complement_2nd,9,0,0,4,0,36,4.73714,0,1.63034,0,9.47384
function@Perl__setup_canned_invlist,0,0,0,0,0,9,0,0,0,0,8.75
function@Perl__invlist_contents,0,0,0,0,0,10,0,0,0,0,23.68
function@S_invlist_iternext,0,0,0,0,0,1,0,0,0,0,0.686275
function@Perl__invlist_dump,0,0,0,0,0,24,0,0,0,0,25.4627
function@Perl__load_PL_utf8_foldclosures,0,0,0,0,0,0,0,0,0,0,0
function@Perl__get_regclass_nonbitmap_data,0,0,0,0,0,48,0,0,0,0,12.7304
function@Perl_regdump,0,0,0,0,0,0,0,0,0,0,0
function@Perl_regprop,0,0,0,0,0,0,0,0,0,0,0
function@Perl_pregfree,0,0,0,0,0,0,0,0,0,0,0
function@Perl_pregfree2,0,0,0,0,0,3,0,0,0,0,1.98529
function@Perl_reg_temp_copy,0,0,0,0,0,7,0,0,0,0,4.88235
function@Perl_save_re_context,0,0,0,0,0,3,0,0,0,0,87.2109
function@S_ssc_anything,0,0,0,0,0,4,0,0,0,0,3.75
function@S_ssc_or,0,0,0,0,0,8,0,0,0,0,13.3571
function@S_ssc_and,0,0,0,0,0,12,0,0,0,0,6.74557
function@S_make_trie,227,0,0,88,0,273,2715.71,0,521.873,0,2252.86
function@S_unwind_scan_frames,0,0,0,0,0,1,0,0,0,0,31.875
function@S_get_ANYOF_cp_list_for_ssc,3,0,0,1,0,35,1.39062,0,1,0,81.1797
function@S_add_above_Latin1_folds,0,0,0,0,0,2,0,0,0,0,1.0625
function@S_populate_ANYOF_from_invlist,0,0,0,0,0,6,0,0,0,0,3.55556
function@S_set_ANYOF_arg,0,0,0,0,0,25,0,0,0,0,12.5735
function@S_re_croak2,0,0,0,0,0,9,0,0,0,0,8.5
function@S_reganode,0,0,0,0,0,7,0,0,0,0,5.32
function@S_reg_node,0,0,0,0,0,6,0,0,0,0,4.32
function@S_nextchar,2,0,0,1,0,7,2,0,1,0,91.975
function@S_reg_scan_name,0,0,0,0,0,16,0,0,0,0,6.95705
function@S_reg2Lanode,0,0,0,0,0,8,0,0,0,0,6.32
function@S_regtail,0,0,0,0,0,3,0,0,0,0,12.0294
function@S_regbranch,48,0,0,17,0,73,46.4496,0,14.637,0,111.179
function@S_handle_regex_sets,88,0,0,16,0,103,80.7317,0,8.14183,0,92.1368
function@S_parse_lparen_question_flags,9,0,0,9,0,22,72.3624,0,22.2899,0,180.963
function@S_regatom,91,0,0,55,0,166,5.09483,0,4.88295,0,19.4883
function@S_regclass,336,0,0,108,0,262,461.68,0,119.643,0,852.646
function@S_grok_bslash_N,25,0,0,2,0,41,8.04401,0,0.448242,0,19.5905
function@S_grok_bslash_x,0,0,0,0,0,11,0,0,0,0,7.04492
function@S_grok_bslash_c,0,0,0,0,0,4,0,0,0,0,3.125
function@S_form_short_octal_warning,0,0,0,0,0,0,0,0,0,0,0
function@S__invlist_contains_cp,0,0,0,0,0,4,0,0,0,0,0.191176
function@S_alloc_maybe_populate_EXACT,0,0,0,0,0,10,0,0,0,0,5.82227
function@S_add_multi_match,0,0,0,0,0,15,0,0,0,0,11.2381
function@Perl_taint_proper,0,0,0,0,0,8,0,0,0,0,3.41176
function@Perl_taint_env,0,0,0,0,0,13,0,0,0,0,6.30474
function@Perl_set_caret_X,0,0,0,0,0,0,0,0,0,0,0
function@Perl_Slab_Alloc,0,0,0,0,0,14,0,0,0,0,5.56452
function@Perl_Slab_Free,0,0,0,0,0,2,0,0,0,0,15.9375
function@Perl_opslab_free,0,0,0,0,0,1,0,0,0,0,31.875
function@Perl_opslab_free_nopad,0,0,0,0,0,5,0,0,0,0,65.8571
function@Perl_opslab_force_free,0,0,0,0,0,5,0,0,0,0,119.441
function@Perl_op_free,30,0,0,6,0,4,138,0,28.2941,0,93.0588
function@Perl_allocmy,0,0,0,0,0,12,0,0,0,0,6.51099
function@S_find_and_forget_pmops,0,0,0,0,0,2,0,0,0,0,11.6364
function@Perl_op_clear,0,0,0,0,0,20,0,0,0,0,5.10522
function@S_op_clear_gv,0,0,0,0,0,4,0,0,0,0,1.44037
function@Perl_ck_ftst,0,0,0,0,0,10,0,0,0,0,2.48974
function@Perl_op_null,0,0,0,0,0,2,0,0,0,0,1.66667
function@Perl_op_refcnt_lock,0,0,0,0,0,0,0,0,0,0,0
function@Perl_op_refcnt_unlock,0,0,0,0,0,0,0,0,0,0,0
function@Perl_op_sibling_splice,0,0,0,0,0,14,0,0,0,0,29.7642
function@Perl_custom_op_get_field,0,0,0,0,0,21,0,0,0,0,9.85937
function@S_op_sibling_newUNOP,0,0,0,0,0,14,0,0,0,0,14
function@Perl_newUNOP,0,0,0,0,0,9,0,0,0,0,4.63281
function@S_alloc_LOGOP,0,0,0,0,0,4,0,0,0,0,19.5
function@Perl_op_contextualize,0,0,0,0,0,1,0,0,0,0,0.25
function@Perl_scalar,0,0,0,0,0,14,0,0,0,0,2.55026
function@Perl_list,0,0,0,0,0,27,0,0,0,0,3.85061
function@Perl_scalarvoid,19,0,0,6,0,28,20.802,0,2.68849,0,20.0604
function@Perl_op_linklist,0,0,0,0,0,7,0,0,0,0,12.4066
function@S_op_varname,0,0,0,0,0,0,0,0,0,0,0
function@S_op_pretty,0,0,0,0,0,1,0,0,0,0,1
function@S_no_bareword_allowed,0,0,0,0,0,1,0,0,0,0,1
function@S_inplace_aassign,0,0,0,0,0,2,0,0,0,0,0.00117349
function@S_scalarkids,0,0,0,0,0,2,0,0,0,0,2
function@S_gen_constant_list,0,0,0,0,0,14,0,0,0,0,7.2451
function@S_listkids,0,0,0,0,0,3,0,0,0,0,8.375
function@S_check_hash_fields_and_hekify,0,0,0,0,0,25,0,0,0,0,19.6763
function@Perl_finalize_optree,0,0,0,0,0,2,0,0,0,0,2
function@S_finalize_op,0,0,0,0,0,9,0,0,0,0,11.3138
function@Perl_op_lvalue_flags,0,0,0,0,0,45,0,0,0,0,4.29435
function@S_modkids,0,0,0,0,0,5,0,0,0,0,15.75
function@S_scalar_mod_type,0,0,0,0,0,3,0,0,0,0,2.01645
function@Perl_doref,0,0,0,0,0,9,0,0,0,0,5.46856
function@S_mark_padname_lvalue,0,0,0,0,0,0,0,0,0,0,0
function@S_vivifies,0,0,0,0,0,2,0,0,0,0,1.09091
function@S_lvref,0,0,0,0,0,9,0,0,0,0,8.3757
function@Perl_apply_attrs_string,0,0,0,0,0,44,0,0,0,0,717.857
function@Perl_op_append_elem,0,0,0,0,0,7,0,0,0,0,3.5092
function@Perl_newSVOP,0,0,0,0,0,8,0,0,0,0,6
function@Perl_load_module,0,0,0,0,0,0,0,0,0,0,0
function@Perl_op_prepend_elem,0,0,0,0,0,11,0,0,0,0,6.8618
function@Perl_my_attrs,0,0,0,0,0,16,0,0,0,0,7.53516
function@S_my_kid,0,0,0,0,0,12,0,0,0,0,5.8934
function@Perl_op_append_list,0,0,0,0,0,10,0,0,0,0,4.43731
function@Perl_sawparens,0,0,0,0,0,0,0,0,0,0,0
function@Perl_bind_match,5,0,0,2,0,31,54.0484,0,1.68548,0,270.468
function@Perl_newBINOP,0,0,0,0,0,14,0,0,0,0,9.12891
function@Perl_pmruntime,232,0,0,65,0,108,126.581,0,39.0456,0,49.9667
function@Perl_newPMOP,0,0,0,0,0,6,0,0,0,0,4.5
function@Perl_invert,0,0,0,0,0,3,0,0,0,0,2.2381
function@Perl_op_scope,0,0,0,0,0,8,0,0,0,0,3.8
function@Perl_newOP,0,0,0,0,0,5,0,0,0,0,3
function@Perl_newLISTOP,0,0,0,0,0,11,0,0,0,0,6.90476
function@Perl_op_unscope,0,0,0,0,0,3,0,0,0,0,5.175
function@Perl_block_start,0,0,0,0,0,11,0,0,0,0,20.9062
function@Perl_block_end,1,0,0,2,0,23,20,0,0.9375,0,80.3594
function@S_scalarseq,0,0,0,0,0,4,0,0,0,0,14.375
function@Perl_newSTATEOP,3,0,0,2,0,16,1.49231,0,1.24615,0,10.7385
function@Perl_blockhook_register,0,0,0,0,0,1,0,0,0,0,1
function@Perl_newPROG,0,0,0,0,0,16,0,0,0,0,4.2967
function@Perl_localize,2,0,0,1,0,12,0.0642553,0,0.0625,0,3.06294
function@Perl_jmaybe,0,0,0,0,0,14,0,0,0,0,4.96471
function@Perl_newSVREF,0,0,0,0,0,4,0,0,0,0,2.5
function@Perl_newGVOP,0,0,0,0,0,0,0,0,0,0,0
function@Perl_op_convert_list,0,0,0,0,0,16,0,0,0,0,6.05882
function@S_force_list,0,0,0,0,0,9,0,0,0,0,4.67647
function@S_fold_constants,14,0,0,5,0,36,0.484619,0,0.386707,0,6.36518
function@Perl_newNULLLIST,0,0,0,0,0,0,0,0,0,0,0
function@Perl_newUNOP_AUX,0,0,0,0,0,9,0,0,0,0,6.69048
function@Perl_newMETHOP,0,0,0,0,0,12,0,0,0,0,6.06618
function@Perl_newMETHOP_named,0,0,0,0,0,3,0,0,0,0,3
function@Perl_newATTRSUB_x,93,0,0,33,0,141,7.3462,0,5.94714,0,20.9844
function@S_set_haseval,0,0,0,0,0,1,0,0,0,0,3.2381
function@Perl_newDEFSVOP,0,0,0,0,0,7,0,0,0,0,3.76471
function@Perl_newPVOP,0,0,0,0,0,8,0,0,0,0,6
function@Perl_package,0,0,0,0,0,6,0,0,0,0,6
function@Perl_package_version,0,0,0,0,0,2,0,0,0,0,2
function@Perl_utilize,0,0,0,0,0,96,0,0,0,0,35.9906
function@Perl_vload_module,0,0,0,0,0,24,0,0,0,0,22.8529
function@Perl_dofile,0,0,0,0,0,8,0,0,0,0,3.82353
function@Perl_newSLICEOP,0,0,0,0,0,8,0,0,0,0,8
function@Perl_newASSIGNOP,0,0,0,0,0,60,0,0,0,0,12.6714
function@Perl_newLOGOP,0,0,0,0,0,0,0,0,0,0,0
function@S_assignment_type,0,0,0,0,0,6,0,0,0,0,1.72786
function@S_new_logop,0,0,0,0,0,40,0,0,0,0,29.678
function@Perl_newCONDOP,0,0,0,0,0,51,0,0,0,0,37.6614
function@Perl_newRANGE,0,0,0,0,0,27,0,0,0,0,38.3429
function@Perl_newLOOPOP,0,0,0,0,0,27,0,0,0,0,11.8263
function@Perl_newWHILEOP,0,0,0,0,0,46,0,0,0,0,21.5155
function@Perl_newFOROP,9,0,0,5,0,52,4.36657,0,1.99707,0,22.3754
function@Perl_newLOOPEX,0,0,0,0,0,21,0,0,0,0,7.25
function@Perl_newGIVENOP,0,0,0,0,0,4,0,0,0,0,4
function@S_newGIVWHENOP,0,0,0,0,0,21,0,0,0,0,31.4118
function@S_ref_array_or_hash,0,0,0,0,0,3,0,0,0,0,0.913043
function@Perl_newWHENOP,0,0,0,0,0,13,0,0,0,0,7.24
function@S_looks_like_bool,0,0,0,0,0,5,0,0,0,0,1.63576
function@Perl_cv_ckproto_len_flags,0,0,0,0,0,60,0,0,0,0,9.72752
function@Perl_cv_const_sv,0,0,0,0,0,5,0,0,0,0,0.944785
function@Perl_cv_const_sv_or_av,0,0,0,0,0,2,0,0,0,0,0.529412
function@Perl_newMYSUB,64,0,0,28,0,75,20.8407,0,12.0967,0,21.628
function@S_move_proto_attr,5,0,0,1,0,28,0.55013,0,1,0,8.64225
function@S_perl_hash_one_at_a_time_hard,0,0,0,0,0,0,0,0,0,0,0
function@S_op_const_sv,0,0,0,0,0,22,0,0,0,0,6.19158
function@S_already_defined,0,0,0,0,0,12,0,0,0,0,7.35165
function@const_sv_xsub,0,0,0,0,0,1,0,0,0,0,0.32
function@S_apply_attrs,0,0,0,0,0,27,0,0,0,0,15.4312
function@Perl_newCONSTSUB_flags,2,0,0,1,0,17,0.3125,0,0.15625,0,12.7187
function@S_process_special_blocks,0,0,0,0,0,23,0,0,0,0,8.37537
function@Perl_newCONSTSUB,0,0,0,0,0,10,0,0,0,0,6.85714
function@Perl_newXS_len_flags,0,0,0,0,0,33,0,0,0,0,18.5895
function@const_av_xsub,0,0,0,0,0,4,0,0,0,0,0.627451
function@Perl_newXS,0,0,0,0,0,15,0,0,0,0,8.60714
function@Perl_newXS_flags,0,0,0,0,0,16,0,0,0,0,10.8571
function@Perl_newXS_deffile,0,0,0,0,0,12,0,0,0,0,6.7619
function@Perl_report_redefined_cv,0,0,0,0,0,41,0,0,0,0,5.39044
function@Perl_newSTUB,0,0,0,0,0,10,0,0,0,0,8.36996
function@Perl_newFORM,0,0,0,0,0,17,0,0,0,0,9.75893
function@Perl_newANONLIST,0,0,0,0,0,1,0,0,0,0,1
function@Perl_newANONHASH,0,0,0,0,0,1,0,0,0,0,1
function@Perl_newANONSUB,0,0,0,0,0,7,0,0,0,0,6
function@Perl_newANONATTRSUB,0,0,0,0,0,8,0,0,0,0,7
function@Perl_oopsAV,0,0,0,0,0,4,0,0,0,0,2.76923
function@Perl_oopsHV,0,0,0,0,0,4,0,0,0,0,2.8
function@Perl_newAVREF,0,0,0,0,0,4,0,0,0,0,2.75
function@Perl_newGVREF,0,0,0,0,0,3,0,0,0,0,2.25
function@Perl_newHVREF,0,0,0,0,0,4,0,0,0,0,2.75
function@Perl_newCVREF,0,0,0,0,0,5,0,0,0,0,5
function@Perl_ck_anoncode,0,0,0,0,0,3,0,0,0,0,3
function@Perl_ck_backtick,0,0,0,0,0,15,0,0,0,0,5.42647
function@Perl_ck_bitop,0,0,0,0,0,2,0,0,0,0,2
function@Perl_ck_cmp,0,0,0,0,0,4,0,0,0,0,2.00381
function@Perl_ck_concat,0,0,0,0,0,0,0,0,0,0,0
function@Perl_ck_spair,0,0,0,0,0,8,0,0,0,0,9.51575
function@Perl_ck_fun,27,0,0,25,0,93,3.71302,0,1.29343,0,29.0713
function@Perl_ck_delete,0,0,0,0,0,3,0,0,0,0,2.3125
function@Perl_ck_eof,0,0,0,0,0,9,0,0,0,0,4.25
function@Perl_ck_eval,0,0,0,0,0,15,0,0,0,0,4.97132
function@Perl_ck_exec,0,0,0,0,0,6,0,0,0,0,8.24706
function@Perl_ck_exists,0,0,0,0,0,4,0,0,0,0,2.43333
function@Perl_ck_rvconst,0,0,0,0,0,6,0,0,0,0,2.31868
function@Perl_ck_glob,0,0,0,0,0,22,0,0,0,0,9.59885
function@Perl_ck_grep,0,0,0,0,0,15,0,0,0,0,29.7703
function@Perl_ck_index,0,0,0,0,0,5,0,0,0,0,2.09466
function@Perl_ck_lfun,0,0,0,0,0,4,0,0,0,0,14.75
function@Perl_ck_defined,0,0,0,0,0,5,0,0,0,0,10.283
function@Perl_ck_rfun,0,0,0,0,0,3,0,0,0,0,8.375
function@Perl_ck_readline,0,0,0,0,0,6,0,0,0,0,3.5
function@Perl_ck_listiob,0,0,0,0,0,19,0,0,0,0,17.0519
function@Perl_ck_smartmatch,0,0,0,0,0,12,0,0,0,0,8.4
function@Perl_ck_sassign,0,0,0,0,0,17,0,0,0,0,4.42244
function@Perl_ck_match,0,0,0,0,0,2,0,0,0,0,2
function@Perl_ck_method,0,0,0,0,0,25,0,0,0,0,42.8527
function@Perl_ck_null,0,0,0,0,0,0,0,0,0,0,0
function@Perl_ck_open,0,0,0,0,0,0,0,0,0,0,0
function@Perl_ck_prototype,0,0,0,0,0,1,0,0,0,0,0.5
function@Perl_ck_refassign,0,0,0,0,0,13,0,0,0,0,5.29004
function@Perl_ck_repeat,0,0,0,0,0,6,0,0,0,0,4
function@Perl_ck_require,0,0,0,0,0,33,0,0,0,0,7.86743
function@Perl_ck_return,0,0,0,0,0,3,0,0,0,0,17.9375
function@Perl_ck_select,0,0,0,0,0,4,0,0,0,0,0.518349
function@Perl_ck_shift,0,0,0,0,0,13,0,0,0,0,5.25806
function@Perl_ck_sort,0,0,0,0,0,23,0,0,0,0,32.9237
function@Perl_ck_split,0,0,0,0,0,27,0,0,0,0,8.90258
function@Perl_ck_stringify,0,0,0,0,0,5,0,0,0,0,2.55556
function@Perl_ck_join,0,0,0,0,0,11,0,0,0,0,2.47639
function@Perl_find_lexical_cv,0,0,0,0,0,1,0,0,0,0,1
function@Perl_rv2cv_op_cv,0,0,0,0,0,16,0,0,0,0,4.51821
function@Perl_ck_entersub_args_list,0,0,0,0,0,4,0,0,0,0,42.5714
function@Perl_ck_entersub_args_proto,25,0,0,13,0,95,32.8388,0,14.5296,0,105.509
function@S_bad_type_gv,0,0,0,0,0,10,0,0,0,0,9
function@Perl_ck_entersub_args_proto_or_list,0,0,0,0,0,5,0,0,0,0,22.7857
function@Perl_ck_entersub_args_core,0,0,0,0,0,35,0,0,0,0,59.6882
function@Perl_cv_get_call_checker,0,0,0,0,0,4,0,0,0,0,3.6
function@Perl_cv_set_call_checker,0,0,0,0,0,0,0,0,0,0,0
function@Perl_cv_set_call_checker_flags,0,0,0,0,0,8,0,0,0,0,5.80392
function@Perl_ck_subr,0,0,0,0,0,27,0,0,0,0,61.5324
function@Perl_ck_svconst,0,0,0,0,0,0,0,0,0,0,0
function@Perl_ck_trunc,0,0,0,0,0,0,0,0,0,0,0
function@Perl_ck_substr,0,0,0,0,0,0,0,0,0,0,0
function@Perl_ck_tell,0,0,0,0,0,0,0,0,0,0,0
function@Perl_ck_each,0,0,0,0,0,4,0,0,0,0,2.49511
function@Perl_ck_length,0,0,0,0,0,5,0,0,0,0,2.10423
function@S_maybe_multideref,50,0,0,18,0,42,35.0024,0,21.0689,0,80.6841
function@Perl_rpeep,29,0,0,10,0,109,17.5874,0,21.0789,0,71.1166
function@S_aassign_common_vars,0,0,0,0,0,3,0,0,0,0,4.94077
function@S_aassign_common_vars_aliases_only,0,0,0,0,0,3,0,0,0,0,4.31193
function@Perl_peep,0,0,0,0,0,0,0,0,0,0,0
function@Perl_custom_op_register,0,0,0,0,0,7,0,0,0,0,6.38095
function@Perl_core_prototype,46,0,0,14,0,13,23.5493,0,10.1772,0,15.3329
function@Perl_coresub_op,0,0,0,0,0,51,0,0,0,0,13.2974
function@Perl_wrap_op_checker,0,0,0,0,0,0,0,0,0,0,0
function@S_scalar_slice_warning,0,0,0,0,0,11,0,0,0,0,0.0473874
function@S_cant_declare,0,0,0,0,0,1,0,0,0,0,0.333333
function@S_apply_attrs_my,0,0,0,0,0,53,0,0,0,0,24.9179
function@S_dup_attrlist,0,0,0,0,0,10,0,0,0,0,11.3333
function@uvcompare,0,0,0,0,0,0,0,0,0,0,0
function@Perl_sv_report_used,0,0,0,0,0,0,0,0,0,0,0
function@Perl_sv_clean_objs,0,0,0,0,0,7,0,0,0,0,75.6947
function@Perl_sv_clean_all,0,0,0,0,0,4,0,0,0,0,27.381
function@Perl_sv_free_arenas,0,0,0,0,0,3,0,0,0,0,63.75
function@Perl_more_bodies,0,0,0,0,0,7,0,0,0,0,21.52
function@Perl_sv_upgrade,22,0,0,4,0,29,2.95783,0,1.53097,0,5.79685
function@Perl_sv_force_normal_flags,0,0,0,0,0,28,0,0,0,0,4.39983
function@Perl_sv_reftype,0,0,0,0,0,7,0,0,0,0,4.12339
function@Perl_sv_backoff,0,0,0,0,0,2,0,0,0,0,1.5
function@Perl_sv_grow,0,0,0,0,0,14,0,0,0,0,5.59009
function@Perl_sv_unref_flags,0,0,0,0,0,5,0,0,0,0,2.22581
function@Perl_sv_setiv,0,0,0,0,0,8,0,0,0,0,4.23899
function@Perl_sv_magic,0,0,0,0,0,18,0,0,0,0,11.6273
function@Perl_sv_setiv_mg,0,0,0,0,0,3,0,0,0,0,2.5
function@Perl_sv_setuv,0,0,0,0,0,5,0,0,0,0,3.61905
function@Perl_sv_setuv_mg,0,0,0,0,0,6,0,0,0,0,4.09524
function@Perl_sv_setnv,0,0,0,0,0,8,0,0,0,0,4.21714
function@Perl_sv_setnv_mg,0,0,0,0,0,3,0,0,0,0,2.5
function@Perl_looks_like_number,0,0,0,0,0,0,0,0,0,0,0
function@Perl_sv_2pv_flags,0,0,0,0,0,56,0,0,0,0,20.4116
function@Perl_sv_2iv_flags,0,0,0,0,0,23,0,0,0,0,5.33832
function@S_not_a_number,0,0,0,0,0,5,0,0,0,0,2.625
function@Perl_report_uninit,0,0,0,0,0,9,0,0,0,0,3.46875
function@S_sv_2iuv_common,0,0,0,0,0,42,0,0,0,0,4.89142
function@Perl_sv_2uv_flags,0,0,0,0,0,21,0,0,0,0,4.22538
function@Perl_sv_2nv_flags,0,0,0,0,0,27,0,0,0,0,5.38043
function@S_glob_2number,0,0,0,0,0,10,0,0,0,0,4
function@Perl_sv_2num,0,0,0,0,0,11,0,0,0,0,16.0237
function@Perl_sv_tainted,0,0,0,0,0,3,0,0,0,0,0.888889
function@Perl_sv_2mortal,0,0,0,0,0,2,0,0,0,0,2
function@Perl_newSVuv,0,0,0,0,0,5,0,0,0,0,2.84706
function@Perl_sv_newmortal,0,0,0,0,0,4,0,0,0,0,2.33333
function@Perl_sv_copypv_flags,0,0,0,0,0,5,0,0,0,0,4
function@Perl_sv_setpvn,0,0,0,0,0,13,0,0,0,0,8.30089
function@Perl_sv_2pvbyte,0,0,0,0,0,13,0,0,0,0,6.34375
function@Perl_sv_utf8_downgrade,0,0,0,0,0,16,0,0,0,0,3.20819
function@Perl_sv_2pvutf8,0,0,0,0,0,9,0,0,0,0,5.4375
function@Perl_sv_mortalcopy_flags,0,0,0,0,0,9,0,0,0,0,6.625
function@Perl_sv_utf8_upgrade_flags_grow,0,0,0,0,0,46,0,0,0,0,6.09057
function@Perl_sv_2bool_flags,0,0,0,0,0,17,0,0,0,0,17.7101
function@Perl_sv_pvn_force_flags,0,0,0,0,0,14,0,0,0,0,6.15119
function@Perl_sv_recode_to_utf8,2,0,0,1,0,20,0.375,0,1,0,2.47754
function@Perl_sv_pos_b2u_flags,0,0,0,0,0,47,0,0,0,0,14.1279
function@Perl_sv_utf8_encode,0,0,0,0,0,3,0,0,0,0,2.66667
function@Perl_sv_utf8_decode,0,0,0,0,0,10,0,0,0,0,2.38886
function@Perl_gv_setref,36,0,0,4,0,44,6.43622,0,1.06236,0,7.62398
function@Perl_newSVpvf,0,0,0,0,0,9,0,0,0,0,8.375
function@Perl_newSV_type,0,0,0,0,0,5,0,0,0,0,3.61905
function@Perl_sv_setsv_flags,0,0,0,0,0,69,0,0,0,0,7.83722
function@S_glob_assign_glob,0,0,0,0,0,37,0,0,0,0,9.97938
function@Perl_sv_setsv_mg,0,0,0,0,0,3,0,0,0,0,2.5
function@Perl_sv_setsv_cow,0,0,0,0,0,7,0,0,0,0,4.25275
function@S_more_sv,0,0,0,0,0,2,0,0,0,0,2
function@Perl_sv_setpvn_mg,0,0,0,0,0,3,0,0,0,0,2.5
function@Perl_sv_setpv,0,0,0,0,0,12,0,0,0,0,7.69911
function@Perl_sv_setpv_mg,0,0,0,0,0,3,0,0,0,0,2.5
function@Perl_sv_sethek,0,0,0,0,0,10,0,0,0,0,3.02539
function@Perl_sv_usepvn_flags,0,0,0,0,0,10,0,0,0,0,6.4023
function@Perl_sv_unmagic,0,0,0,0,0,0,0,0,0,0,0
function@Perl_sv_chop,0,0,0,0,0,7,0,0,0,0,1.33028
function@Perl_sv_catpvn_flags,0,0,0,0,0,16,0,0,0,0,21.625
function@Perl_sv_catsv_flags,0,0,0,0,0,9,0,0,0,0,5.1875
function@Perl_sv_catpv,0,0,0,0,0,8,0,0,0,0,4.65625
function@Perl_sv_catpv_flags,0,0,0,0,0,8,0,0,0,0,8
function@Perl_sv_catpv_mg,0,0,0,0,0,3,0,0,0,0,2.5
function@Perl_newSV,0,0,0,0,0,4,0,0,0,0,3
function@Perl_sv_magicext,0,0,0,0,0,17,0,0,0,0,10.8181
function@Perl_sv_rvweaken,0,0,0,0,0,5,0,0,0,0,2.93137
function@Perl_sv_magicext_mglob,0,0,0,0,0,6,0,0,0,0,4.6129
function@S_sv_unmagicext_flags,0,0,0,0,0,10,0,0,0,0,18.0441
function@Perl_sv_unmagicext,0,0,0,0,0,0,0,0,0,0,0
function@Perl_sv_add_backref,0,0,0,0,0,14,0,0,0,0,6.17647
function@Perl_sv_get_backrefs,0,0,0,0,0,3,0,0,0,0,0.544118
function@Perl_sv_del_backref,0,0,0,0,0,7,0,0,0,0,3.24265
function@Perl_sv_kill_backrefs,26,0,0,5,0,13,54.9734,0,11.289,0,4.59304
function@Perl_sv_insert_flags,0,0,0,0,0,42,0,0,0,0,11.3984
function@Perl_sv_replace,0,0,0,0,0,6,0,0,0,0,4.23529
function@Perl_sv_clear,15,0,0,8,0,47,26.6676,0,3.46589,0,19.9705
function@S_curse,20,0,0,5,0,19,2.25045,0,0.758497,0,12.2513
function@Perl_sv_free,0,0,0,0,0,0,0,0,0,0,0
function@Perl_sv_newref,0,0,0,0,0,0,0,0,0,0,0
function@Perl_sv_free2,0,0,0,0,0,3,0,0,0,0,1.41935
function@Perl_sv_len,0,0,0,0,0,1,0,0,0,0,0.375
function@Perl_sv_len_utf8,0,0,0,0,0,3,0,0,0,0,1.96
function@Perl_sv_len_utf8_nomg,0,0,0,0,0,24,0,0,0,0,4.69984
function@Perl_sv_pos_u2b_flags,0,0,0,0,0,19,0,0,0,0,10.2207
function@S_sv_pos_u2b_cached,0,0,0,0,0,49,0,0,0,0,21.0753
function@Perl_sv_pos_u2b,0,0,0,0,0,23,0,0,0,0,8.39844
function@S_sv_pos_b2u_midway,0,0,0,0,0,1,0,0,0,0,0.5
function@S_utf8_mg_pos_cache_update,0,0,0,0,0,23,0,0,0,0,6.6422
function@Perl_sv_pos_b2u,0,0,0,0,0,1,0,0,0,0,1
function@Perl_sv_eq_flags,0,0,0,0,0,40,0,0,0,0,8.44729
function@Perl_newSVpvn_flags,0,0,0,0,0,8,0,0,0,0,7.375
function@Perl_newSVpvn,0,0,0,0,0,7,0,0,0,0,6.38095
function@Perl_sv_cmp,0,0,0,0,0,0,0,0,0,0,0
function@Perl_sv_cmp_flags,0,0,0,0,0,39,0,0,0,0,8.01424
function@Perl_sv_cmp_locale,0,0,0,0,0,0,0,0,0,0,0
function@Perl_sv_cmp_locale_flags,0,0,0,0,0,0,0,0,0,0,0
function@Perl_sv_gets,91,0,0,19,0,96,217.215,0,108.867,0,301.752
function@Perl_sv_inc,0,0,0,0,0,3,0,0,0,0,1.96
function@Perl_sv_inc_nomg,0,0,0,0,0,21,0,0,0,0,2.82608
function@S_not_incrementable,0,0,0,0,0,1,0,0,0,0,1
function@Perl_sv_dec,0,0,0,0,0,3,0,0,0,0,1.96
function@Perl_sv_dec_nomg,0,0,0,0,0,14,0,0,0,0,2.67708
function@Perl_newSVpv,0,0,0,0,0,9,0,0,0,0,7.32258
function@Perl_newSVhek,0,0,0,0,0,20,0,0,0,0,3.69092
function@Perl_newSVsv,0,0,0,0,0,8,0,0,0,0,3.55882
function@Perl_newSVpvn_share,0,0,0,0,0,13,0,0,0,0,9.60937
function@Perl_newSVpv_share,0,0,0,0,0,6,0,0,0,0,6
function@Perl_vnewSVpvf,0,0,0,0,0,11,0,0,0,0,10.381
function@Perl_sv_vsetpvfn,0,0,0,0,0,13,0,0,0,0,13
function@Perl_newSVnv,0,0,0,0,0,5,0,0,0,0,4.38095
function@Perl_newSViv,0,0,0,0,0,4,0,0,0,0,2.85714
function@Perl_newRV_noinc,0,0,0,0,0,3,0,0,0,0,2.38095
function@Perl_newRV,0,0,0,0,0,3,0,0,0,0,2.38095
function@Perl_sv_reset,0,0,0,0,0,4,0,0,0,0,4
function@Perl_sv_resetpvn,7,0,0,1,0,4,67.8555,0,1,0,112.809
function@Perl_sv_2io,0,0,0,0,0,12,0,0,0,0,41.6049
function@Perl_sv_2cv,0,0,0,0,0,18,0,0,0,0,6.09657
function@Perl_sv_true,0,0,0,0,0,2,0,0,0,0,0.557252
function@Perl_sv_pvbyten_force,0,0,0,0,0,5,0,0,0,0,5
function@Perl_sv_pvutf8n_force,0,0,0,0,0,4,0,0,0,0,4
function@Perl_sv_ref,0,0,0,0,0,9,0,0,0,0,5.26519
function@Perl_sv_isobject,0,0,0,0,0,4,0,0,0,0,2
function@Perl_sv_isa,0,0,0,0,0,10,0,0,0,0,3.30901
function@Perl_newSVrv,0,0,0,0,0,11,0,0,0,0,6.99725
function@Perl_sv_bless,0,0,0,0,0,11,0,0,0,0,6.11905
function@Perl_newSVavdefelem,0,0,0,0,0,7,0,0,0,0,6.38095
function@Perl_sv_setref_pv,0,0,0,0,0,7,0,0,0,0,4.78571
function@Perl_sv_setref_iv,0,0,0,0,0,5,0,0,0,0,5
function@Perl_sv_setref_uv,0,0,0,0,0,8,0,0,0,0,6.61905
function@Perl_sv_setref_nv,0,0,0,0,0,5,0,0,0,0,5
function@Perl_sv_setref_pvn,0,0,0,0,0,7,0,0,0,0,7
function@Perl_sv_untaint,0,0,0,0,0,0,0,0,0,0,0
function@Perl_sv_setpviv,0,0,0,0,0,2,0,0,0,0,33
function@Perl_sv_setpviv_mg,0,0,0,0,0,5,0,0,0,0,35.5
function@Perl_sv_setpvf,0,0,0,0,0,8,0,0,0,0,8
function@Perl_sv_vsetpvf,0,0,0,0,0,10,0,0,0,0,10
function@Perl_sv_setpvf_mg,0,0,0,0,0,9,0,0,0,0,8.5
function@Perl_sv_vsetpvf_mg,0,0,0,0,0,11,0,0,0,0,10.5
function@Perl_sv_catpvf,0,0,0,0,0,6,0,0,0,0,6
function@Perl_sv_vcatpvfn_flags,599,0,0,249,0,222,518.741,0,249.465,0,493.859
function@Perl_sv_vcatpvf,0,0,0,0,0,8,0,0,0,0,8
function@Perl_sv_catpvf_mg,0,0,0,0,0,7,0,0,0,0,6.5
function@Perl_sv_vcatpvf_mg,0,0,0,0,0,9,0,0,0,0,8.5
function@Perl_sv_vcatpvfn,0,0,0,0,0,0,0,0,0,0,0
function@S_vcatpvfn_missing_argument,0,0,0,0,0,1,0,0,0,0,0.156863
function@S_F0convert,0,0,0,0,0,14,0,0,0,0,13.5
function@S_sv_or_pv_pos_u2b,0,0,0,0,0,10,0,0,0,0,5.27344
function@S_hextract,0,0,0,0,0,14,0,0,0,0,14.7967
function@Perl_ptr_table_new,0,0,0,0,0,3,0,0,0,0,3
function@Perl_ptr_table_fetch,0,0,0,0,0,1,0,0,0,0,0.5
function@Perl_ptr_table_store,0,0,0,0,0,10,0,0,0,0,63.12
function@Perl_ptr_table_split,0,0,0,0,0,7,0,0,0,0,189.312
function@Perl_ptr_table_clear,0,0,0,0,0,4,0,0,0,0,16.9375
function@Perl_ptr_table_free,0,0,0,0,0,3,0,0,0,0,14.2857
function@Perl_init_constants,0,0,0,0,0,16,0,0,0,0,5.64706
function@Perl_sv_cat_decode,13,0,0,5,0,17,1.5,0,2.3125,0,5.41291
function@Perl_varname,0,0,0,0,0,23,0,0,0,0,10.5215
function@S_find_uninit_var,18,0,0,8,0,186,0.793552,0,1.37995,0,37.0897
function@S_sv_display,10,0,0,3,0,12,61.3647,0,31.1176,0,5.23529
function@S_sv_2iuv_non_preserve,0,0,0,0,0,4,0,0,0,0,2.75
function@S_sv_pos_u2b_midway,0,0,0,0,0,4,0,0,0,0,9.0625
function@S_find_hash_subscript,0,0,0,0,0,14,0,0,0,0,2.11168
function@S_find_array_subscript,0,0,0,0,0,3,0,0,0,0,2.19037
function@Perl_deb,0,0,0,0,0,0,0,0,0,0,0
function@Perl_vdeb,0,0,0,0,0,0,0,0,0,0,0
function@Perl_debstackptrs,0,0,0,0,0,0,0,0,0,0,0
function@Perl_debstack,0,0,0,0,0,0,0,0,0,0,0
function@Perl_deb_stack_all,0,0,0,0,0,0,0,0,0,0,0
function@Perl_pregexec,0,0,0,0,0,0,0,0,0,0,0
function@Perl_regexec_flags,144,0,0,26,0,101,14.5789,0,7.71145,0,11.063
function@Perl_re_intuit_start,287,0,0,64,0,70,227.997,0,47.0138,0,35.6752
function@S_to_utf8_substr,0,0,0,0,0,9,0,0,0,0,2.17647
function@S_to_byte_substr,0,0,0,0,0,11,0,0,0,0,2.21036
function@S_reghop3,0,0,0,0,0,6,0,0,0,0,5.67059
function@S_reghopmaybe3,0,0,0,0,0,9,0,0,0,0,11.3647
function@S_reghop4,0,0,0,0,0,6,0,0,0,0,5.67059
function@S_find_byclass,250,1,0,26,0,383,59.4593,0.0133333,4.93954,0,35.9305
function@S_reg_set_capture_string,0,0,0,0,0,11,0,0,0,0,5.90875
function@S_cleanup_regmatch_info_aux,0,0,0,0,0,2,0,0,0,0,21.45
function@S_regtry,0,0,0,0,0,7,0,0,0,0,4.57143
function@Perl_regclass_swash,0,0,0,0,0,0,0,0,0,0,0
function@S_reginclass,0,0,0,0,0,18,0,0,0,0,6.58103
function@S_isGCB,0,0,0,0,0,8,0,0,0,0,0.97561
function@S_isSB,0,0,0,0,0,30,0,0,0,0,6.90588
function@S_isWB,0,0,0,0,0,23,0,0,0,0,4.43598
function@S_isFOO_utf8_lc,0,0,0,0,0,15,0,0,0,0,1.23594
function@S_isFOO_lc,0,0,0,0,0,26,0,0,0,0,1.75795
function@S_backup_one_SB,0,0,0,0,0,11,0,0,0,0,14.3766
function@S_advance_one_SB,0,0,0,0,0,6,0,0,0,0,17.6923
function@S_backup_one_WB,0,0,0,0,0,15,0,0,0,0,14.2944
function@S_advance_one_WB,0,0,0,0,0,6,0,0,0,0,17.6923
function@S_regmatch,805,5,0,259,0,312,1047.03,0.506339,514.341,0,149.949
function@S_regcppush,0,0,0,0,0,9,0,0,0,0,5.83333
function@S_sv_only_taint_gmagic,0,0,0,0,0,1,0,0,0,0,0.126984
function@S_regcppop,0,0,0,0,0,1,0,0,0,0,0.625
function@S_setup_EXACTISH_ST_c1_c2,210,0,0,10,0,32,4.0575,0,1.21889,0,10.3597
function@S_regrepeat,229,0,0,51,0,77,20.3756,0,9.87782,0,6.82426
function@main,0,0,0,0,0,4,0,0,0,0,540673
function@xs_init,0,0,0,0,0,24,0,0,0,0,24
function@Perl_runops_standard,0,0,0,0,0,0,0,0,0,0,0
function@Perl_keyword,0,0,0,0,0,20,0,0,0,0,0.880187
function@Perl_av_reify,0,0,0,0,0,1,0,0,0,0,7.96875
function@Perl_av_extend,0,0,0,0,0,13,0,0,0,0,6.69118
function@Perl_av_extend_guts,0,0,0,0,0,10,0,0,0,0,5.90123
function@Perl_av_fetch,0,0,0,0,0,20,0,0,0,0,7.34583
function@S_adjust_index,0,0,0,0,0,7,0,0,0,0,3.64627
function@Perl_av_store,0,0,0,0,0,25,0,0,0,0,19.1847
function@Perl_av_make,0,0,0,0,0,6,0,0,0,0,5.2
function@Perl_av_clear,0,0,0,0,0,3,0,0,0,0,1.6875
function@Perl_av_undef,0,0,0,0,0,5,0,0,0,0,2.8125
function@Perl_av_fill,0,0,0,0,0,13,0,0,0,0,7.22581
function@Perl_av_create_and_push,0,0,0,0,0,3,0,0,0,0,3
function@Perl_av_push,0,0,0,0,0,10,0,0,0,0,5.39706
function@Perl_av_pop,0,0,0,0,0,10,0,0,0,0,4.19118
function@Perl_av_create_and_unshift_one,0,0,0,0,0,3,0,0,0,0,3
function@Perl_av_unshift,0,0,0,0,0,13,0,0,0,0,8.51351
function@Perl_av_shift,0,0,0,0,0,10,0,0,0,0,4.19118
function@Perl_av_len,0,0,0,0,0,0,0,0,0,0,0
function@Perl_av_delete,0,0,0,0,0,26,0,0,0,0,10.337
function@Perl_av_exists,0,0,0,0,0,25,0,0,0,0,5.73112
function@Perl_av_arylen_p,0,0,0,0,0,3,0,0,0,0,2.38095
function@Perl_av_iter_p,0,0,0,0,0,5,0,0,0,0,3.7619
function@Perl_pv_escape,36,0,0,9,0,17,53.642,0,7,0,26.0926
function@Perl_pv_pretty,0,0,0,0,0,24,0,0,0,0,32.75
function@Perl_pv_display,0,0,0,0,0,16,0,0,0,0,14.6875
function@Perl_sv_peek,32,0,0,1,0,24,36.298,0,1,0,27.1109
function@Perl_dump_indent,0,0,0,0,0,5,0,0,0,0,5
function@Perl_dump_vindent,0,0,0,0,0,6,0,0,0,0,6
function@Perl_dump_all,0,0,0,0,0,2,0,0,0,0,1.33333
function@Perl_dump_all_perl,0,0,0,0,0,3,0,0,0,0,2.33333
function@Perl_op_dump,0,0,0,0,0,3,0,0,0,0,3
function@Perl_dump_packsubs_perl,0,0,0,0,0,13,0,0,0,0,307.16
function@Perl_dump_packsubs,0,0,0,0,0,0,0,0,0,0,0
function@Perl_dump_sub_perl,0,0,0,0,0,16,0,0,0,0,9.76758
function@Perl_dump_form,0,0,0,0,0,7,0,0,0,0,6.61905
function@Perl_dump_sub,0,0,0,0,0,0,0,0,0,0,0
function@Perl_dump_eval,0,0,0,0,0,2,0,0,0,0,2
function@Perl_do_pmop_dump,0,0,0,0,0,42,0,0,0,0,14.869
function@Perl_do_op_dump,49,0,0,7,0,103,56.1363,0,10.4219,0,59.6616
function@Perl_pmop_dump,0,0,0,0,0,3,0,0,0,0,3
function@S_sequence_num,0,0,0,0,0,10,0,0,0,0,3.8125
function@Perl_gv_dump,0,0,0,0,0,21,0,0,0,0,10.9844
function@Perl_do_magic_dump,8,0,0,4,0,66,36.1471,0,2.85294,0,492.206
function@Perl_do_sv_dump,519,0,0,11,0,148,25.6866,0,5.66322,0,9.18734
function@Perl_magic_dump,0,0,0,0,0,3,0,0,0,0,3
function@Perl_do_hv_dump,0,0,0,0,0,15,0,0,0,0,6.65343
function@Perl_do_gv_dump,0,0,0,0,0,8,0,0,0,0,6.61905
function@Perl_do_gvgv_dump,0,0,0,0,0,15,0,0,0,0,8.79441
function@Perl_sv_dump,0,0,0,0,0,3,0,0,0,0,3
function@Perl_runops_debug,0,0,0,0,0,6,0,0,0,0,45
function@Perl_debop,0,0,0,0,0,27,0,0,0,0,3.7433
function@S_deb_padvar,2,0,0,1,0,19,20.0348,0,1,0,82.6783
function@Perl_multideref_stringify,46,0,0,11,0,38,100.645,0,26.7067,0,87.4884
function@Perl_watch,0,0,0,0,0,0,0,0,0,0,0
function@Perl_debprofdump,0,0,0,0,0,2,0,0,0,0,13.9167
function@Perl_stack_grow,0,0,0,0,0,1,0,0,0,0,1
function@Perl_new_stackinfo,0,0,0,0,0,6,0,0,0,0,6
function@Perl_cxinc,0,0,0,0,0,1,0,0,0,0,1
function@Perl_push_scope,0,0,0,0,0,0,0,0,0,0,0
function@Perl_pop_scope,0,0,0,0,0,0,0,0,0,0,0
function@Perl_leave_scope,193,0,0,10,0,35,177.501,0,45.14,0,40.3059
function@Perl_markstack_grow,0,0,0,0,0,2,0,0,0,0,2
function@Perl_savestack_grow,0,0,0,0,0,0,0,0,0,0,0
function@Perl_savestack_grow_cnt,0,0,0,0,0,0,0,0,0,0,0
function@Perl_tmps_grow_p,0,0,0,0,0,3,0,0,0,0,3
function@Perl_free_tmps,0,0,0,0,0,1,0,0,0,0,15.9375
function@Perl_save_pushptrptr,0,0,0,0,0,0,0,0,0,0,0
function@Perl_save_scalar,0,0,0,0,0,7,0,0,0,0,4.17647
function@Perl_save_generic_svref,0,0,0,0,0,0,0,0,0,0,0
function@Perl_save_generic_pvref,0,0,0,0,0,0,0,0,0,0,0
function@Perl_save_shared_pvref,0,0,0,0,0,0,0,0,0,0,0
function@Perl_save_set_svflags,0,0,0,0,0,0,0,0,0,0,0
function@Perl_save_gp,0,0,0,0,0,13,0,0,0,0,4.18539
function@Perl_save_ary,0,0,0,0,0,7,0,0,0,0,4.47619
function@Perl_save_hash,0,0,0,0,0,6,0,0,0,0,4
function@Perl_save_item,0,0,0,0,0,2,0,0,0,0,2
function@Perl_save_bool,0,0,0,0,0,0,0,0,0,0,0
function@Perl_save_pushi32ptr,0,0,0,0,0,0,0,0,0,0,0
function@Perl_save_int,0,0,0,0,0,0,0,0,0,0,0
function@Perl_save_I8,0,0,0,0,0,0,0,0,0,0,0
function@Perl_save_I16,0,0,0,0,0,0,0,0,0,0,0
function@Perl_save_I32,0,0,0,0,0,0,0,0,0,0,0
function@Perl_save_strlen,0,0,0,0,0,0,0,0,0,0,0
function@Perl_save_pptr,0,0,0,0,0,0,0,0,0,0,0
function@Perl_save_vptr,0,0,0,0,0,0,0,0,0,0,0
function@Perl_save_sptr,0,0,0,0,0,0,0,0,0,0,0
function@Perl_save_padsv_and_mortalize,0,0,0,0,0,0,0,0,0,0,0
function@Perl_save_hptr,0,0,0,0,0,0,0,0,0,0,0
function@Perl_save_aptr,0,0,0,0,0,0,0,0,0,0,0
function@Perl_save_pushptr,0,0,0,0,0,0,0,0,0,0,0
function@Perl_save_clearsv,0,0,0,0,0,1,0,0,0,0,1
function@Perl_save_delete,0,0,0,0,0,0,0,0,0,0,0
function@Perl_save_hdelete,0,0,0,0,0,3,0,0,0,0,2.5
function@Perl_save_adelete,0,0,0,0,0,0,0,0,0,0,0
function@Perl_save_destructor,0,0,0,0,0,0,0,0,0,0,0
function@Perl_save_destructor_x,0,0,0,0,0,0,0,0,0,0,0
function@Perl_save_hints,0,0,0,0,0,1,0,0,0,0,0.5
function@Perl_save_aelem_flags,0,0,0,0,0,11,0,0,0,0,6.68628
function@Perl_save_helem_flags,0,0,0,0,0,12,0,0,0,0,7.68628
function@Perl_save_svref,0,0,0,0,0,6,0,0,0,0,3.80392
function@Perl_save_alloc,0,0,0,0,0,5,0,0,0,0,3.33333
function@Perl_save_aliased_sv,0,0,0,0,0,1,0,0,0,0,1
function@Perl_cx_dump,0,0,0,0,0,0,0,0,0,0,0
function@spec_srand,0,0,0,0,0,0,0,0,0,0,0
function@spec_init_genrand,0,0,0,0,0,0,0,0,0,0,0
function@spec_rand,0,0,0,0,0,1,0,0,0,0,1
function@spec_genrand_int32,0,0,0,0,0,3,0,0,0,0,17.4516
function@spec_lrand48,0,0,0,0,0,0,0,0,0,0,0
function@spec_init_by_array,0,0,0,0,0,1,0,0,0,0,1
function@spec_genrand_int31,0,0,0,0,0,0,0,0,0,0,0
function@spec_genrand_real1,0,0,0,0,0,1,0,0,0,0,1
function@spec_genrand_real2,0,0,0,0,0,1,0,0,0,0,1
function@spec_genrand_real3,0,0,0,0,0,1,0,0,0,0,1
function@spec_genrand_res53,0,0,0,0,0,2,0,0,0,0,2
function@boot_Storable,0,0,0,0,0,44,0,0,0,0,44
function@XS_Storable_init_perinterp,0,0,0,0,0,4,0,0,0,0,4
function@XS_Storable_pstore,0,0,0,0,0,1,0,0,0,0,1
function@XS_Storable_mstore,0,0,0,0,0,2,0,0,0,0,2
function@XS_Storable_pretrieve,0,0,0,0,0,0,0,0,0,0,0
function@XS_Storable_mretrieve,0,0,0,0,0,0,0,0,0,0,0
function@XS_Storable_dclone,0,0,0,0,0,5,0,0,0,0,2.37255
function@XS_Storable_last_op_in_netorder,0,0,0,0,0,0,0,0,0,0,0
function@do_store,0,0,0,0,0,24,0,0,0,0,14.0084
function@store,0,0,0,0,0,15,0,0,0,0,7.05368
function@clean_store_context,0,0,0,0,0,7,0,0,0,0,4.84
function@clean_retrieve_context,0,0,0,0,0,9,0,0,0,0,6.33333
function@storable_free,0,0,0,0,0,0,0,0,0,0,0
function@sv_type,0,0,0,0,0,5,0,0,0,0,1.22043
function@store_blessed,65,0,0,45,0,107,22.7824,0,10.3826,0,28.9916
function@pkg_can,0,0,0,0,0,22,0,0,0,0,11.0309
function@store_ref,0,0,0,0,0,7,0,0,0,0,2.79189
function@store_scalar,0,0,0,0,0,77,0,0,0,0,4.20886
function@store_array,0,0,0,0,0,15,0,0,0,0,19.7572
function@store_hash,18,0,0,13,0,76,6.34058,0,3.17515,0,41.3326
function@store_tied,0,0,0,0,0,11,0,0,0,0,5.79412
function@store_tied_item,0,0,0,0,0,11,0,0,0,0,4.29407
function@store_code,0,0,0,0,0,69,0,0,0,0,9.44579
function@store_other,0,0,0,0,0,29,0,0,0,0,11.8592
function@do_retrieve,23,0,0,4,0,41,6.57009,0,2.15798,0,13.8203
function@retrieve,0,0,0,0,0,53,0,0,0,0,9.35141
function@retrieve_lscalar,0,0,0,0,0,23,0,0,0,0,6.76944
function@retrieve_array,0,0,0,0,0,26,0,0,0,0,10.3268
function@retrieve_hash,0,0,0,0,0,30,0,0,0,0,10.5727
function@retrieve_ref,0,0,0,0,0,19,0,0,0,0,10.4338
function@retrieve_undef,0,0,0,0,0,15,0,0,0,0,8.80822
function@retrieve_integer,0,0,0,0,0,17,0,0,0,0,6.40811
function@retrieve_double,0,0,0,0,0,18,0,0,0,0,6.59561
function@retrieve_byte,0,0,0,0,0,17,0,0,0,0,6.77704
function@retrieve_netint,0,0,0,0,0,17,0,0,0,0,6.40811
function@retrieve_scalar,0,0,0,0,0,27,0,0,0,0,8.0277
function@retrieve_tied_array,0,0,0,0,0,22,0,0,0,0,11.653
function@retrieve_tied_hash,0,0,0,0,0,22,0,0,0,0,11.653
function@retrieve_tied_scalar,0,0,0,0,0,22,0,0,0,0,11.5799
function@retrieve_sv_undef,0,0,0,0,0,10,0,0,0,0,4.41781
function@retrieve_sv_yes,0,0,0,0,0,10,0,0,0,0,4.41781
function@retrieve_sv_no,0,0,0,0,0,10,0,0,0,0,4.41781
function@retrieve_blessed,0,0,0,0,0,28,0,0,0,0,5.79254
function@retrieve_idx_blessed,0,0,0,0,0,8,0,0,0,0,3.05859
function@retrieve_hook,24,0,0,17,0,116,0.254414,0,1.69039,0,8.5865
function@retrieve_overloaded,0,0,0,0,0,36,0,0,0,0,13.895
function@retrieve_tied_key,0,0,0,0,0,27,0,0,0,0,12.4247
function@retrieve_tied_idx,0,0,0,0,0,24,0,0,0,0,11.1795
function@retrieve_utf8str,0,0,0,0,0,0,0,0,0,0,0
function@retrieve_lutf8str,0,0,0,0,0,0,0,0,0,0,0
function@retrieve_flag_hash,0,0,0,0,0,46,0,0,0,0,9.03478
function@retrieve_code,0,0,0,0,0,68,0,0,0,0,14.3713
function@retrieve_weakref,0,0,0,0,0,3,0,0,0,0,2.66667
function@retrieve_weakoverloaded,0,0,0,0,0,3,0,0,0,0,2.66667
function@retrieve_vstring,0,0,0,0,0,15,0,0,0,0,6.26953
function@retrieve_lvstring,0,0,0,0,0,17,0,0,0,0,6.71875
function@retrieve_svundef_elem,0,0,0,0,0,8,0,0,0,0,3.7968
function@retrieve_other,0,0,0,0,0,0,0,0,0,0,0
function@scalar_call,0,0,0,0,0,23,0,0,0,0,28.4706
function@pkg_uncache,0,0,0,0,0,8,0,0,0,0,5.75229
function@old_retrieve_array,0,0,0,0,0,18,0,0,0,0,7.49084
function@old_retrieve_hash,2,0,0,4,0,27,0.854408,0,0.579991,0,5.86042
function@boot_IO,0,0,0,0,0,42,0,0,0,0,42
function@XS_IO__Seekable_getpos,0,0,0,0,0,1,0,0,0,0,0.619048
function@XS_IO__Seekable_setpos,0,0,0,0,0,5,0,0,0,0,2.05263
function@XS_IO__File_new_tmpfile,0,0,0,0,0,14,0,0,0,0,6.82353
function@XS_IO__Poll__poll,15,0,0,3,0,9,8.28125,0,3,0,12
function@XS_IO__Handle_blocking,0,0,0,0,0,6,0,0,0,0,2.35057
function@XS_IO__Handle_ungetc,0,0,0,0,0,15,0,0,0,0,4.75879
function@XS_IO__Handle_error,0,0,0,0,0,4,0,0,0,0,2.57143
function@XS_IO__Handle_clearerr,0,0,0,0,0,5,0,0,0,0,3.19048
function@XS_IO__Handle_untaint,0,0,0,0,0,5,0,0,0,0,3.57143
function@XS_IO__Handle_flush,0,0,0,0,0,5,0,0,0,0,2.05263
function@XS_IO__Handle_setbuf,0,0,0,0,0,0,0,0,0,0,0
function@XS_IO__Handle_setvbuf,0,0,0,0,0,2,0,0,0,0,2
function@XS_IO__Handle_sync,0,0,0,0,0,2,0,0,0,0,2
function@XS_IO__Handle__create_getline_subs,0,0,0,0,0,0,0,0,0,0,0
function@XS_IO__Socket_sockatmark,0,0,0,0,0,3,0,0,0,0,1.61905
function@io_ck_lineseq,0,0,0,0,0,0,0,0,0,0,0
function@io_pp_nextstate,0,0,0,0,0,0,0,0,0,0,0
function@Perl_my_poll,0,0,0,0,0,8,0,0,0,0,14.875
function@boot_Cwd,0,0,0,0,0,6,0,0,0,0,6
function@XS_Cwd_CLONE,0,0,0,0,0,0,0,0,0,0,0
function@XS_Cwd_getcwd,0,0,0,0,0,6,0,0,0,0,4.125
function@XS_Cwd_abs_path,4,0,0,1,0,15,0.438419,0,1,0,11.1007
function@XS_File__Spec__Unix_canonpath,0,0,0,0,0,0,0,0,0,0,0
function@XS_File__Spec__Unix__fn_canonpath,0,0,0,0,0,0,0,0,0,0,0
function@XS_File__Spec__Unix_catdir,0,0,0,0,0,12,0,0,0,0,6.35294
function@XS_File__Spec__Unix__fn_catdir,0,0,0,0,0,4,0,0,0,0,3.5
function@XS_File__Spec__Unix_catfile,0,0,0,0,0,24,0,0,0,0,5.5835
function@XS_File__Spec__Unix__fn_catfile,0,0,0,0,0,11,0,0,0,0,4.225
function@THX_unix_canonpath,0,0,0,0,0,29,0,0,0,0,31.8959
function@boot_Data__Dumper,0,0,0,0,0,6,0,0,0,0,6
function@XS_Data__Dumper_Dumpxs,78,0,0,55,0,111,136.984,0,9.90332,0,131.604
function@XS_Data__Dumper__vstring,0,0,0,0,0,1,0,0,0,0,0.382353
function@sv_x,0,0,0,0,0,16,0,0,0,0,36.1621
function@DD_dump,467,0,0,60,0,235,56.6143,0,19.7048,0,25.8702
function@esc_q_utf8,23,0,0,24,0,35,21.6738,0,19.6752,0,56.6309
function@Perl_reentrant_size,0,0,0,0,0,0,0,0,0,0,0
function@Perl_reentrant_init,0,0,0,0,0,0,0,0,0,0,0
function@Perl_reentrant_free,0,0,0,0,0,0,0,0,0,0,0
function@Perl_reentrant_retry,0,0,0,0,0,0,0,0,0,0,0
function@boot_DynaLoader,0,0,0,0,0,4,0,0,0,0,4
function@XS_DynaLoader_dl_error,0,0,0,0,0,3,0,0,0,0,2
function@boot_Digest__MD5,0,0,0,0,0,10,0,0,0,0,10
function@XS_Digest__MD5_new,0,0,0,0,0,13,0,0,0,0,6
function@XS_Digest__MD5_clone,0,0,0,0,0,13,0,0,0,0,12.7895
function@XS_Digest__MD5_DESTROY,0,0,0,0,0,2,0,0,0,0,1.78947
function@XS_Digest__MD5_add,14,0,0,5,0,7,88.375,0,12.5,0,34.5
function@XS_Digest__MD5_addfile,1,0,0,1,0,20,2.99072,0,5.98145,0,35.9115
function@XS_Digest__MD5_digest,0,0,0,0,0,5,0,0,0,0,4.78947
function@XS_Digest__MD5_context,0,0,0,0,0,14,0,0,0,0,3.00822
function@XS_Digest__MD5_md5,7,0,0,3,0,10,38.2546,0,15.4375,0,48.1641
function@MD5Transform,65,0,0,15,0,1,2041,0,447.25,0,1
function@make_mortal_sv,0,0,0,0,0,4,0,0,0,0,2.5
function@boot_MIME__Base64,0,0,0,0,0,15,0,0,0,0,15
function@XS_MIME__Base64_encode_base64,0,0,0,0,0,30,0,0,0,0,53.5882
function@XS_MIME__Base64_decode_base64,0,0,0,0,0,11,0,0,0,0,69.2633
function@XS_MIME__Base64_encoded_base64_length,0,0,0,0,0,6,0,0,0,0,3.875
function@XS_MIME__Base64_decoded_base64_length,0,0,0,0,0,8,0,0,0,0,11.6676
function@XS_MIME__QuotedPrint_encode_qp,35,0,0,21,0,39,975.215,0,293.126,0,698.98
function@XS_MIME__QuotedPrint_decode_qp,19,0,0,7,0,23,21.5425,0,15.7769,0,50.7352
function@hrt_usleep,0,0,0,0,0,0,0,0,0,0,0
function@boot_Time__HiRes,0,0,0,0,0,33,0,0,0,0,33
function@XS_Time__HiRes_constant,0,0,0,0,0,19,0,0,0,0,2.25118
function@XS_Time__HiRes_usleep,0,0,0,0,0,10,0,0,0,0,4.98438
function@XS_Time__HiRes_nanosleep,0,0,0,0,0,3,0,0,0,0,2
function@XS_Time__HiRes_sleep,0,0,0,0,0,9,0,0,0,0,3.28906
function@XS_Time__HiRes_ualarm,0,0,0,0,0,3,0,0,0,0,2
function@XS_Time__HiRes_alarm,0,0,0,0,0,3,0,0,0,0,2
function@XS_Time__HiRes_gettimeofday,0,0,0,0,0,8,0,0,0,0,0.9375
function@XS_Time__HiRes_time,0,0,0,0,0,4,0,0,0,0,2.375
function@XS_Time__HiRes_clock_gettime,0,0,0,0,0,3,0,0,0,0,1.96
function@XS_Time__HiRes_clock_getres,0,0,0,0,0,3,0,0,0,0,1.96
function@XS_Time__HiRes_clock_nanosleep,0,0,0,0,0,3,0,0,0,0,2
function@XS_Time__HiRes_clock,0,0,0,0,0,3,0,0,0,0,2
function@XS_Time__HiRes_stat,0,0,0,0,0,3,0,0,0,0,1.5
function@boot_Digest__SHA,1,0,0,1,0,104,1,0,1,0,104
function@XS_Digest__SHA_shainit,0,0,0,0,0,11,0,0,0,0,6.90196
function@XS_Digest__SHA_sharewind,0,0,0,0,0,5,0,0,0,0,2.46875
function@XS_Digest__SHA_shawrite,0,0,0,0,0,14,0,0,0,0,9.39216
function@XS_Digest__SHA_newSHA,0,0,0,0,0,11,0,0,0,0,7.42857
function@XS_Digest__SHA_clone,0,0,0,0,0,11,0,0,0,0,3.29412
function@XS_Digest__SHA_DESTROY,0,0,0,0,0,4,0,0,0,0,2.27451
function@XS_Digest__SHA_sha1,9,0,0,2,0,25,1972.76,0,1.54687,0,4458.74
function@XS_Digest__SHA_hmac_sha1,7,0,0,2,0,49,14.3555,0,1.07666,0,4171.9
function@XS_Digest__SHA_hashsize,0,0,0,0,0,5,0,0,0,0,2.40367
function@XS_Digest__SHA_add,11,0,0,6,0,22,379.66,0,25.8535,0,1508.57
function@XS_Digest__SHA_digest,0,0,0,0,0,19,0,0,0,0,3.71501
function@XS_Digest__SHA__getstate,0,0,0,0,0,6,0,0,0,0,2.36719
function@XS_Digest__SHA__putstate,0,0,0,0,0,5,0,0,0,0,1.97656
function@XS_Digest__SHA__addfilebin,0,0,0,0,0,6,0,0,0,0,6.11816
function@XS_Digest__SHA__addfileuniv,0,0,0,0,0,16,0,0,0,0,16.7487
function@shainit,0,0,0,0,0,2,0,0,0,0,2
function@sha1,29,0,0,5,0,0,29,0,5,0,0
function@sha256,339,0,0,78,0,0,339,0,78,0,0
function@sha512,0,0,0,0,0,24,0,0,0,0,365
function@shawrite,0,0,0,0,0,24,0,0,0,0,26.8624
function@shafinish,0,0,0,0,0,6,0,0,0,0,3.77419
function@digcpy,0,0,0,0,0,1,0,0,0,0,1
function@shabase64,0,0,0,0,0,8,0,0,0,0,13.3125
function@boot_List__Util,0,0,0,0,0,85,0,0,0,0,83.3333
function@XS_List__Util_min,20,0,0,3,0,24,23.598,0,11.6569,0,35.1373
function@XS_List__Util_sum,5,0,0,3,0,50,8.13861,0,1.34653,0,31.4059
function@XS_List__Util_minstr,0,0,0,0,0,2,0,0,0,0,20.4
function@XS_List__Util_reduce,27,0,0,7,0,13,11,0,4.25,0,11.4688
function@XS_List__Util_first,15,0,0,6,0,9,9.14181,0,2.20558,0,7.39272
function@XS_List__Util_any,6,0,0,2,0,9,3,0,1.5,0,6.65724
function@XS_List__Util_pairfirst,58,0,0,15,0,11,54.6784,0,13.7077,0,3.72365
function@XS_List__Util_pairgrep,51,0,0,22,0,14,98.5643,0,37.7348,0,6.57953
function@XS_List__Util_pairmap,49,0,0,18,0,24,158.625,0,24.3125,0,59.0625
function@XS_List__Util_pairs,7,0,0,4,0,12,53.1562,0,22.2188,0,181.969
function@XS_List__Util_pairkeys,0,0,0,0,0,3,0,0,0,0,21.2188
function@XS_List__Util_pairvalues,0,0,0,0,0,5,0,0,0,0,41.8125
function@XS_List__Util_shuffle,0,0,0,0,0,1,0,0,0,0,16.2381
function@XS_Scalar__Util_dualvar,0,0,0,0,0,10,0,0,0,0,4.37647
function@XS_Scalar__Util_isdual,0,0,0,0,0,2,0,0,0,0,0.970588
function@XS_Scalar__Util_blessed,0,0,0,0,0,5,0,0,0,0,1.625
function@XS_Scalar__Util_reftype,0,0,0,0,0,5,0,0,0,0,2.25
function@XS_Scalar__Util_refaddr,0,0,0,0,0,4,0,0,0,0,1.75
function@XS_Scalar__Util_weaken,0,0,0,0,0,0,0,0,0,0,0
function@XS_Scalar__Util_unweaken,0,0,0,0,0,1,0,0,0,0,0.375
function@XS_Scalar__Util_isweak,0,0,0,0,0,0,0,0,0,0,0
function@XS_Scalar__Util_readonly,0,0,0,0,0,4,0,0,0,0,2.5
function@XS_Scalar__Util_tainted,0,0,0,0,0,6,0,0,0,0,3.42857
function@XS_Scalar__Util_isvstring,0,0,0,0,0,2,0,0,0,0,1.09524
function@XS_Scalar__Util_looks_like_number,0,0,0,0,0,3,0,0,0,0,1.625
function@XS_Scalar__Util_openhandle,0,0,0,0,0,2,0,0,0,0,0.586957
function@XS_Sub__Util_set_prototype,0,0,0,0,0,3,0,0,0,0,1.5
function@XS_Sub__Util_set_subname,17,0,0,6,0,66,6.37912,0,1.77839,0,52.9011
function@XS_Sub__Util_subname,0,0,0,0,0,5,0,0,0,0,1.47126
function@magic_free_pstate,0,0,0,0,0,1,0,0,0,0,1
function@boot_HTML__Parser,0,0,0,0,0,44,0,0,0,0,44
function@XS_HTML__Parser__alloc_pstate,0,0,0,0,0,9,0,0,0,0,9
function@XS_HTML__Parser_parse,4,0,0,1,0,16,6.18849,0,1,0,23.2823
function@XS_HTML__Parser_eof,0,0,0,0,0,3,0,0,0,0,1.7619
function@XS_HTML__Parser_strict_comment,0,0,0,0,0,7,0,0,0,0,0.436101
function@XS_HTML__Parser_boolean_attribute_value,0,0,0,0,0,2,0,0,0,0,1.62745
function@XS_HTML__Parser_ignore_tags,6,0,0,3,0,13,42.1176,0,11.3382,0,216.588
function@XS_HTML__Parser_handler,25,0,0,5,0,128,43.4543,0,3,0,122.666
function@XS_HTML__Entities_decode_entities,4,0,0,2,0,2,22.9048,0,2,0,13.9048
function@XS_HTML__Entities__decode_entities,0,0,0,0,0,13,0,0,0,0,5.39662
function@XS_HTML__Entities__probably_utf8_chunk,0,0,0,0,0,6,0,0,0,0,35.5
function@XS_HTML__Entities_UNICODE_SUPPORT,0,0,0,0,0,3,0,0,0,0,2
function@get_pstate_hv,0,0,0,0,0,5,0,0,0,0,3.84375
function@parse,0,0,0,0,0,70,0,0,0,0,15.2462
function@report_event,236,0,0,34,0,109,95.1362,0,14.397,0,67.349
function@parse_buf,250,0,0,62,0,219,43.6806,0,4.84639,0,54.5028
function@flush_pending_text,0,0,0,0,0,4,0,0,0,0,3.5
function@probably_utf8_chunk,0,0,0,0,0,4,0,0,0,0,34.4286
function@sv_lower,0,0,0,0,0,3,0,0,0,0,2.5
function@decode_entities,47,0,0,15,0,43,76.2655,0,40.9019,0,132.6
function@marked_section_update,6,0,0,3,0,13,41.625,0,11.3125,0,508.837
function@tokens_grow,0,0,0,0,0,4,0,0,0,0,2.61905
function@Perl_unpackstring,0,0,0,0,0,17,0,0,0,0,20.0135
function@S_unpack_rec,346,1,0,165,0,219,1033.11,0.972031,380.313,0,619.404
function@Perl_pp_unpack,0,0,0,0,0,7,0,0,0,0,3.875
function@Perl_packlist,0,0,0,0,0,7,0,0,0,0,6.5
function@S_pack_rec,350,0,0,111,0,430,837.965,0,189.443,0,2460.48
function@Perl_pp_pack,0,0,0,0,0,7,0,0,0,0,5.5
function@S_next_symbol,46,0,0,18,0,20,193.591,0,87.3774,0,346.567
function@S_utf8_to_bytes,0,0,0,0,0,17,0,0,0,0,17.5248
function@S_group_end,0,0,0,0,0,8,0,0,0,0,19.4681
function@S_measure_struct,17,0,0,7,0,11,21.7497,0,18.3292,0,37.7031
function@marked_upgrade,2,0,0,1,0,26,0.617647,0,0.308824,0,82.7353
function@S_sv_check_infnan,0,0,0,0,0,9,0,0,0,0,5.25
function@doencodes,0,0,0,0,0,5,0,0,0,0,34.12
function@perlsio_binmode,0,0,0,0,0,0,0,0,0,0,0
function@PerlIO_intmode2str,0,0,0,0,0,0,0,0,0,0,0
function@PerlIO_debug,0,0,0,0,0,0,0,0,0,0,0
function@PerlIO_allocate,0,0,0,0,0,3,0,0,0,0,1.86068
function@PerlIO_fdupopen,2,0,0,1,0,10,0.384615,0,0.230769,0,4.75
function@PerlIOBase_dup,0,0,0,0,0,25,0,0,0,0,10.9902
function@PerlIO_cleantable,0,0,0,0,0,4,0,0,0,0,15.5833
function@Perl_PerlIO_close,0,0,0,0,0,14,0,0,0,0,15.2661
function@PerlIO_list_alloc,0,0,0,0,0,0,0,0,0,0,0
function@PerlIO_list_free,0,0,0,0,0,3,0,0,0,0,1.32414
function@PerlIO_list_push,0,0,0,0,0,4,0,0,0,0,3.19048
function@PerlIO_clone_list,2,0,0,1,0,6,25.0588,0,12.5294,0,5.67647
function@PerlIO_clone,0,0,0,0,0,0,0,0,0,0,0
function@PerlIO_destruct,0,0,0,0,0,7,0,0,0,0,12954.4
function@Perl_PerlIO_flush,0,0,0,0,0,6,0,0,0,0,1.74713
function@PerlIO_pop,0,0,0,0,0,3,0,0,0,0,1.42222
function@PerlIO_get_layers,0,0,0,0,0,16,0,0,0,0,103
function@PerlIO_find_layer,0,0,0,0,0,30,0,0,0,0,43.7602
function@PerlIO_tab_sv,0,0,0,0,0,4,0,0,0,0,4
function@XS_PerlIO__Layer__NoWarnings,0,0,0,0,0,0,0,0,0,0,0
function@XS_PerlIO__Layer__find,0,0,0,0,0,11,0,0,0,0,2.52209
function@PerlIO_define_layer,0,0,0,0,0,3,0,0,0,0,1.54762
function@PerlIO_parse_layers,14,0,0,4,0,23,7.03133,0,3.22976,0,27.5849
function@PerlIO_default_buffer,0,0,0,0,0,2,0,0,0,0,1.19048
function@PerlIO_arg_fetch,0,0,0,0,0,0,0,0,0,0,0
function@PerlIO_layer_fetch,0,0,0,0,0,2,0,0,0,0,1.25806
function@PerlIOPop_pushed,0,0,0,0,0,8,0,0,0,0,1.76259
function@PerlIOBase_open,0,0,0,0,0,23,0,0,0,0,13.3908
function@PerlIO_default_layers,0,0,0,0,0,20,0,0,0,0,2.85841
function@Perl_boot_core_PerlIO,0,0,0,0,0,2,0,0,0,0,2
function@PerlIO_default_layer,0,0,0,0,0,1,0,0,0,0,1
function@PerlIO_stdstreams,0,0,0,0,0,2,0,0,0,0,0.761905
function@PerlIO_fdopen,0,0,0,0,0,1,0,0,0,0,1
function@PerlIO_push,0,0,0,0,0,21,0,0,0,0,6.55556
function@PerlIOBase_binmode,0,0,0,0,0,7,0,0,0,0,1.53293
function@PerlIORaw_pushed,0,0,0,0,0,6,0,0,0,0,7.16547
function@PerlIO_apply_layera,0,0,0,0,0,10,0,0,0,0,20.4742
function@PerlIO_apply_layers,0,0,0,0,0,17,0,0,0,0,10.3908
function@PerlIO_binmode,0,0,0,0,0,1,0,0,0,0,0.619048
function@PerlIO__close,0,0,0,0,0,12,0,0,0,0,8.63948
function@PerlIOBase_close,0,0,0,0,0,10,0,0,0,0,12.3678
function@Perl_PerlIO_fileno,0,0,0,0,0,1,0,0,0,0,0.596154
function@PerlIOBase_fileno,0,0,0,0,0,1,0,0,0,0,1
function@PerlIO_resolve_layers,0,0,0,0,0,38,0,0,0,0,10.8328
function@Perl_PerlIO_context_layers,0,0,0,0,0,4,0,0,0,0,0.813726
function@PerlIO_openn,8,0,0,3,0,40,1.06035,0,3,0,35.2709
function@PerlIO_tmpfile,0,0,0,0,0,1,0,0,0,0,0.619048
function@Perl_PerlIO_read,0,0,0,0,0,1,0,0,0,0,0.596154
function@PerlIOBase_read,0,0,0,0,0,20,0,0,0,0,9.24286
function@Perl_PerlIO_unread,0,0,0,0,0,13,0,0,0,0,5.1295
function@PerlIOBase_unread,0,0,0,0,0,9,0,0,0,0,7.30769
function@Perl_PerlIO_write,0,0,0,0,0,0,0,0,0,0,0
function@Perl_PerlIO_seek,0,0,0,0,0,2,0,0,0,0,0.826923
function@Perl_PerlIO_tell,0,0,0,0,0,0,0,0,0,0,0
function@PerlIOBase_flush_linebuf,0,0,0,0,0,0,0,0,0,0,0
function@Perl_PerlIO_fill,0,0,0,0,0,2,0,0,0,0,0.826923
function@PerlIO_isutf8,0,0,0,0,0,1,0,0,0,0,1
function@Perl_PerlIO_eof,0,0,0,0,0,1,0,0,0,0,0.596154
function@PerlIOBase_eof,0,0,0,0,0,0,0,0,0,0,0
function@Perl_PerlIO_error,0,0,0,0,0,1,0,0,0,0,0.596154
function@PerlIOBase_error,0,0,0,0,0,0,0,0,0,0,0
function@Perl_PerlIO_clearerr,0,0,0,0,0,3,0,0,0,0,5.92754
function@PerlIOBase_clearerr,0,0,0,0,0,1,0,0,0,0,7.81482
function@Perl_PerlIO_setlinebuf,0,0,0,0,0,0,0,0,0,0,0
function@PerlIOBase_setlinebuf,0,0,0,0,0,0,0,0,0,0,0
function@PerlIO_has_base,0,0,0,0,0,3,0,0,0,0,0.740741
function@PerlIO_fast_gets,0,0,0,0,0,4,0,0,0,0,0.862385
function@PerlIO_has_cntptr,0,0,0,0,0,4,0,0,0,0,0.827586
function@PerlIO_canset_cnt,0,0,0,0,0,3,0,0,0,0,0.740741
function@Perl_PerlIO_get_base,0,0,0,0,0,0,0,0,0,0,0
function@Perl_PerlIO_get_bufsiz,0,0,0,0,0,0,0,0,0,0,0
function@Perl_PerlIO_get_ptr,0,0,0,0,0,0,0,0,0,0,0
function@Perl_PerlIO_get_cnt,0,0,0,0,0,0,0,0,0,0,0
function@Perl_PerlIO_set_cnt,0,0,0,0,0,1,0,0,0,0,1
function@Perl_PerlIO_set_ptrcnt,0,0,0,0,0,0,0,0,0,0,0
function@PerlIOUtf8_pushed,0,0,0,0,0,2,0,0,0,0,0.369231
function@PerlIOBase_popped,0,0,0,0,0,0,0,0,0,0,0
function@PerlIO_modestr,0,0,0,0,0,7,0,0,0,0,3.04908
function@PerlIOBase_pushed,0,0,0,0,0,4,0,0,0,0,1.60714
function@PerlIOBuf_unread,13,0,0,7,0,13,222.25,0,54.375,0,177.25
function@Perl_PerlIO_save_errno,0,0,0,0,0,0,0,0,0,0,0
function@PerlIOBase_noop_ok,0,0,0,0,0,0,0,0,0,0,0
function@PerlIOBase_noop_fail,0,0,0,0,0,0,0,0,0,0,0
function@PerlIO_sv_dup,0,0,0,0,0,0,0,0,0,0,0
function@PerlIO_init,0,0,0,0,0,0,0,0,0,0,0
function@PerlIOUnix_refcnt_inc,0,0,0,0,0,5,0,0,0,0,2.20588
function@PerlIOUnix_refcnt_dec,0,0,0,0,0,5,0,0,0,0,2.23529
function@PerlIOUnix_refcnt,0,0,0,0,0,6,0,0,0,0,3.23529
function@PerlIO_cleanup,0,0,0,0,0,11,0,0,0,0,3.75172
function@PerlIO_teardown,0,0,0,0,0,0,0,0,0,0,0
function@PerlIOUnix_oflags,0,0,0,0,0,4,0,0,0,0,1.75
function@PerlIOUnix_fileno,0,0,0,0,0,0,0,0,0,0,0
function@PerlIOUnix_pushed,0,0,0,0,0,18,0,0,0,0,7.9266
function@PerlIOUnix_seek,0,0,0,0,0,3,0,0,0,0,2.30952
function@PerlIOUnix_open,0,0,0,0,0,36,0,0,0,0,14.0864
function@PerlIOUnix_dup,0,0,0,0,0,18,0,0,0,0,10.4587
function@PerlIOUnix_read,0,0,0,0,0,17,0,0,0,0,7.34516
function@PerlIOUnix_write,0,0,0,0,0,15,0,0,0,0,10.1871
function@PerlIOUnix_tell,0,0,0,0,0,0,0,0,0,0,0
function@PerlIOUnix_close,0,0,0,0,0,12,0,0,0,0,9.16561
function@PerlIOStdio_fileno,0,0,0,0,0,1,0,0,0,0,1
function@PerlIOStdio_mode,0,0,0,0,0,4,0,0,0,0,3
function@PerlIOStdio_pushed,0,0,0,0,0,15,0,0,0,0,5.83992
function@PerlIO_importFILE,0,0,0,0,0,25,0,0,0,0,6.31207
function@PerlIOStdio_open,0,0,0,0,0,68,0,0,0,0,15.0907
function@PerlIOStdio_dup,0,0,0,0,0,21,0,0,0,0,8.86499
function@PerlIOStdio_close,0,0,0,0,0,19,0,0,0,0,4.37386
function@PerlIOStdio_read,0,0,0,0,0,21,0,0,0,0,21.7892
function@PerlIOStdio_unread,0,0,0,0,0,17,0,0,0,0,12.493
function@PerlIOStdio_write,0,0,0,0,0,13,0,0,0,0,8.95054
function@PerlIOStdio_seek,0,0,0,0,0,0,0,0,0,0,0
function@PerlIOStdio_tell,0,0,0,0,0,0,0,0,0,0,0
function@PerlIOStdio_flush,0,0,0,0,0,1,0,0,0,0,0.5
function@PerlIOStdio_eof,0,0,0,0,0,0,0,0,0,0,0
function@PerlIOStdio_error,0,0,0,0,0,0,0,0,0,0,0
function@PerlIOStdio_clearerr,0,0,0,0,0,0,0,0,0,0,0
function@PerlIOStdio_setlinebuf,0,0,0,0,0,0,0,0,0,0,0
function@PerlIOStdio_get_base,0,0,0,0,0,0,0,0,0,0,0
function@PerlIOStdio_get_bufsiz,0,0,0,0,0,0,0,0,0,0,0
function@PerlIOStdio_get_ptr,0,0,0,0,0,0,0,0,0,0,0
function@PerlIOStdio_get_cnt,0,0,0,0,0,0,0,0,0,0,0
function@PerlIOStdio_set_ptrcnt,0,0,0,0,0,0,0,0,0,0,0
function@PerlIOStdio_fill,0,0,0,0,0,12,0,0,0,0,6.5
function@PerlIO_exportFILE,0,0,0,0,0,22,0,0,0,0,5.31984
function@PerlIO_findFILE,0,0,0,0,0,8,0,0,0,0,3.49533
function@PerlIO_releaseFILE,0,0,0,0,0,9,0,0,0,0,30.7481
function@PerlIOBuf_pushed,0,0,0,0,0,9,0,0,0,0,7.21154
function@PerlIOBuf_open,1,0,0,3,0,33,0.145985,0,0.605839,0,14.4307
function@PerlIOBuf_flush,0,0,0,0,0,23,0,0,0,0,6.97097
function@PerlIOBuf_fill,0,0,0,0,0,28,0,0,0,0,4.44096
function@PerlIOBuf_read,0,0,0,0,0,7,0,0,0,0,4.22302
function@PerlIOBuf_write,0,0,0,0,0,25,0,0,0,0,26.358
function@PerlIOBuf_seek,0,0,0,0,0,12,0,0,0,0,4.85453
function@PerlIOBuf_tell,0,0,0,0,0,6,0,0,0,0,3.07895
function@PerlIOBuf_popped,0,0,0,0,0,1,0,0,0,0,1
function@PerlIOBuf_close,0,0,0,0,0,10,0,0,0,0,12.3678
function@PerlIOBuf_get_ptr,0,0,0,0,0,0,0,0,0,0,0
function@PerlIOBuf_get_cnt,0,0,0,0,0,5,0,0,0,0,2.87037
function@PerlIOBuf_get_base,0,0,0,0,0,0,0,0,0,0,0
function@PerlIOBuf_bufsiz,0,0,0,0,0,1,0,0,0,0,0.222222
function@PerlIOBuf_set_ptrcnt,0,0,0,0,0,3,0,0,0,0,2.14815
function@PerlIOBuf_dup,0,0,0,0,0,0,0,0,0,0,0
function@PerlIOPending_fill,0,0,0,0,0,0,0,0,0,0,0
function@PerlIOPending_close,0,0,0,0,0,3,0,0,0,0,2.15385
function@PerlIOPending_seek,0,0,0,0,0,8,0,0,0,0,4.54098
function@PerlIOPending_flush,0,0,0,0,0,3,0,0,0,0,1.55882
function@PerlIOPending_set_ptrcnt,0,0,0,0,0,4,0,0,0,0,2.14388
function@PerlIOPending_pushed,0,0,0,0,0,2,0,0,0,0,2
function@PerlIOPending_read,0,0,0,0,0,18,0,0,0,0,6.35426
function@PerlIOCrlf_pushed,0,0,0,0,0,6,0,0,0,0,4.09896
function@PerlIOCrlf_unread,0,0,0,0,0,22,0,0,0,0,7.2165
function@PerlIOCrlf_get_cnt,0,0,0,0,0,7,0,0,0,0,3.42248
function@PerlIOCrlf_set_ptrcnt,0,0,0,0,0,4,0,0,0,0,3.14286
function@PerlIOCrlf_write,0,0,0,0,0,16,0,0,0,0,6.38037
function@PerlIOCrlf_flush,0,0,0,0,0,0,0,0,0,0,0
function@PerlIOCrlf_binmode,0,0,0,0,0,3,0,0,0,0,1.33929
function@Perl_PerlIO_stdin,0,0,0,0,0,2,0,0,0,0,0.761905
function@Perl_PerlIO_stdout,0,0,0,0,0,2,0,0,0,0,0.761905
function@Perl_PerlIO_stderr,0,0,0,0,0,2,0,0,0,0,0.761905
function@PerlIO_getname,0,0,0,0,0,0,0,0,0,0,0
function@PerlIO_open,0,0,0,0,0,2,0,0,0,0,2
function@PerlIO_reopen,0,0,0,0,0,4,0,0,0,0,4
function@PerlIO_getc,0,0,0,0,0,1,0,0,0,0,0.999999
function@PerlIO_ungetc,0,0,0,0,0,8,0,0,0,0,3.46444
function@PerlIO_putc,0,0,0,0,0,2,0,0,0,0,0.847412
function@PerlIO_puts,0,0,0,0,0,8,0,0,0,0,5.13462
function@PerlIO_rewind,0,0,0,0,0,6,0,0,0,0,6.36025
function@PerlIO_vprintf,0,0,0,0,0,10,0,0,0,0,6.80517
function@PerlIO_printf,0,0,0,0,0,0,0,0,0,0,0
function@PerlIO_stdoutf,0,0,0,0,0,4,0,0,0,0,2.75
function@Perl_PerlIO_restore_errno,0,0,0,0,0,0,0,0,0,0,0
function@PerlIO_setpos,0,0,0,0,0,7,0,0,0,0,3.28125
function@PerlIO_getpos,0,0,0,0,0,3,0,0,0,0,2.15259
function@Perl_noperl_die,0,0,0,0,0,2,0,0,0,0,2
function@S_lockcnt_dec,0,0,0,0,0,0,0,0,0,0,0
function@Perl_is_invariant_string,0,0,0,0,0,3,0,0,0,0,1.72
function@Perl_uvoffuni_to_utf8_flags,0,0,0,0,0,11,0,0,0,0,3.62308
function@Perl_uvchr_to_utf8,0,0,0,0,0,0,0,0,0,0,0
function@Perl_uvchr_to_utf8_flags,0,0,0,0,0,0,0,0,0,0,0
function@Perl_is_utf8_string,0,0,0,0,0,5,0,0,0,0,15.3162
function@Perl_is_utf8_string_loclen,0,0,0,0,0,8,0,0,0,0,18.3162
function@Perl_utf8n_to_uvchr,0,0,0,0,0,67,0,0,0,0,6.78655
function@Perl_utf8_to_uvchr_buf,0,0,0,0,0,5,0,0,0,0,5
function@Perl_valid_utf8_to_uvchr,0,0,0,0,0,3,0,0,0,0,11.3333
function@Perl_utf8_to_uvuni_buf,0,0,0,0,0,5,0,0,0,0,5
function@Perl_utf8_length,0,0,0,0,0,5,0,0,0,0,2.21429
function@Perl_utf8_distance,0,0,0,0,0,5,0,0,0,0,1.69136
function@Perl_utf8_hop,0,0,0,0,0,0,0,0,0,0,0
function@Perl_bytes_cmp_utf8,0,0,0,0,0,8,0,0,0,0,10.7241
function@Perl_utf8_to_bytes,0,0,0,0,0,12,0,0,0,0,22.8803
function@Perl_bytes_from_utf8,0,0,0,0,0,14,0,0,0,0,22.5829
function@Perl_bytes_to_utf8,0,0,0,0,0,6,0,0,0,0,32.8333
function@Perl_utf16_to_utf8,0,0,0,0,0,15,0,0,0,0,39.9375
function@Perl_utf16_to_utf8_reversed,0,0,0,0,0,15,0,0,0,0,25.989
function@Perl__is_uni_FOO,0,0,0,0,0,1,0,0,0,0,1
function@Perl__is_utf8_FOO,0,0,0,0,0,2,0,0,0,0,2
function@Perl__is_utf8_idstart,0,0,0,0,0,0,0,0,0,0,0
function@S_is_utf8_common,0,0,0,0,0,14,0,0,0,0,5.92758
function@Perl__is_uni_perl_idcont,0,0,0,0,0,3,0,0,0,0,2.375
function@Perl__is_utf8_perl_idcont,0,0,0,0,0,4,0,0,0,0,3
function@Perl__is_uni_perl_idstart,0,0,0,0,0,3,0,0,0,0,2.375
function@Perl__is_utf8_perl_idstart,0,0,0,0,0,4,0,0,0,0,3
function@Perl__to_upper_title_latin1,0,0,0,0,0,3,0,0,0,0,3
function@Perl_to_uni_upper,0,0,0,0,0,8,0,0,0,0,5.49451
function@Perl_to_utf8_case,0,0,0,0,0,29,0,0,0,0,25.5425
function@Perl_to_uni_title,0,0,0,0,0,8,0,0,0,0,5.49451
function@Perl_to_uni_lower,0,0,0,0,0,8,0,0,0,0,5.11765
function@Perl__to_fold_latin1,0,0,0,0,0,0,0,0,0,0,0
function@Perl__to_uni_fold_flags,0,0,0,0,0,11,0,0,0,0,5.93359
function@Perl__to_utf8_fold_flags,0,0,0,0,0,19,0,0,0,0,5.43565
function@Perl__is_utf8_xidstart,0,0,0,0,0,0,0,0,0,0,0
function@Perl__is_utf8_idcont,0,0,0,0,0,0,0,0,0,0,0
function@Perl__is_utf8_xidcont,0,0,0,0,0,0,0,0,0,0,0
function@Perl__is_utf8_mark,0,0,0,0,0,0,0,0,0,0,0
function@Perl__core_swash_init,23,0,0,11,0,55,7.37512,0,5.42655,0,24.0338
function@Perl_swash_fetch,0,0,0,0,0,36,0,0,0,0,12.7405
function@Perl__to_utf8_upper_flags,0,0,0,0,0,13,0,0,0,0,5.21755
function@S_check_locale_boundary_crossing,0,0,0,0,0,12,0,0,0,0,14.1471
function@Perl__to_utf8_title_flags,0,0,0,0,0,13,0,0,0,0,5.21755
function@Perl__to_utf8_lower_flags,0,0,0,0,0,14,0,0,0,0,5.21154
function@Perl_swash_init,0,0,0,0,0,0,0,0,0,0,0
function@Perl__swash_to_invlist,13,0,0,7,0,40,23.7106,0,5.64672,0,54.8816
function@S_swatch_get,26,0,0,12,0,54,53.2413,0,9.52137,0,95.9209
function@Perl__swash_inversion_hash,27,0,0,13,0,59,818.612,0,17.4087,0,68277.6
function@S_swash_scan_list_line,0,0,0,0,0,16,0,0,0,0,12.0469
function@Perl__get_swash_invlist,0,0,0,0,0,2,0,0,0,0,0.588235
function@Perl_check_utf8_print,3,0,0,1,0,18,11.7837,0,1,0,7.88781
function@Perl_pv_uni_display,0,0,0,0,0,38,0,0,0,0,70.8921
function@Perl_sv_uni_display,0,0,0,0,0,2,0,0,0,0,2
function@Perl_foldEQ_utf8_flags,39,0,0,11,0,22,13.9679,0,9.28793,0,20.6308
function@Perl_uvuni_to_utf8,0,0,0,0,0,0,0,0,0,0,0
function@Perl_utf8n_to_uvuni,0,0,0,0,0,0,0,0,0,0,0
function@Perl_uvuni_to_utf8_flags,0,0,0,0,0,0,0,0,0,0,0
function@boot_Opcode,1,0,0,1,0,55,20,0,1,0,186.625
function@XS_Opcode__safe_pkg_prep,0,0,0,0,0,4,0,0,0,0,3.82353
function@XS_Opcode__safe_call_sv,0,0,0,0,0,11,0,0,0,0,10.625
function@XS_Opcode_verify_opset,0,0,0,0,0,4,0,0,0,0,2.5
function@XS_Opcode_invert_opset,0,0,0,0,0,9,0,0,0,0,17.8315
function@XS_Opcode_opset_to_ops,10,0,0,2,0,55,19.9805,0,10.0293,0,58.7217
function@XS_Opcode_opset,6,0,0,3,0,10,24.25,0,2.625,0,114.5
function@XS_Opcode_permit_only,4,0,0,3,0,13,32,0,1.5,0,85.6875
function@XS_Opcode_opdesc,19,0,0,4,0,68,152.109,0,51.25,0,248.951
function@XS_Opcode_define_optag,0,0,0,0,0,1,0,0,0,0,1
function@XS_Opcode_empty_opset,0,0,0,0,0,2,0,0,0,0,2
function@XS_Opcode_full_opset,0,0,0,0,0,4,0,0,0,0,2.62745
function@XS_Opcode_opmask_add,0,0,0,0,0,1,0,0,0,0,1
function@XS_Opcode_opcodes,0,0,0,0,0,3,0,0,0,0,0.75
function@XS_Opcode_opmask,0,0,0,0,0,3,0,0,0,0,2.38235
function@opmask_add,0,0,0,0,0,8,0,0,0,0,10.4746
function@get_op_bitspec,0,0,0,0,0,8,0,0,0,0,5.73913
function@set_opset_bits,0,0,0,0,0,25,0,0,0,0,5.2876
function@put_op_bitspec,0,0,0,0,0,8,0,0,0,0,7.48438
function@Perl_pp_const,0,0,0,0,0,1,0,0,0,0,0.5
function@Perl_pp_nextstate,0,0,0,0,0,0,0,0,0,0,0
function@Perl_pp_gvsv,0,0,0,0,0,3,0,0,0,0,1.5
function@Perl_pp_null,0,0,0,0,0,0,0,0,0,0,0
function@Perl_pp_pushmark,0,0,0,0,0,1,0,0,0,0,0.380952
function@Perl_pp_stringify,0,0,0,0,0,2,0,0,0,0,1.5
function@Perl_pp_gv,0,0,0,0,0,1,0,0,0,0,0.5
function@Perl_pp_and,0,0,0,0,0,0,0,0,0,0,0
function@Perl_pp_sassign,0,0,0,0,0,14,0,0,0,0,3.79121
function@Perl_pp_cond_expr,0,0,0,0,0,0,0,0,0,0,0
function@Perl_pp_unstack,0,0,0,0,0,0,0,0,0,0,0
function@Perl_pp_concat,0,0,0,0,0,26,0,0,0,0,6.65308
function@Perl_pp_padrange,0,0,0,0,0,13,0,0,0,0,2.72549
function@S_pushav,0,0,0,0,0,13,0,0,0,0,48.64
function@Perl_pp_padsv,0,0,0,0,0,3,0,0,0,0,1.5
function@Perl_vivify_ref,0,0,0,0,0,11,0,0,0,0,6.24725
function@Perl_pp_readline,0,0,0,0,0,13,0,0,0,0,1.40992
function@Perl_do_readline,80,0,0,30,0,30,139.956,0,43.3124,0,339.945
function@Perl_pp_eq,0,0,0,0,0,1,0,0,0,0,1
function@Perl_pp_preinc,0,0,0,0,0,0,0,0,0,0,0
function@Perl_pp_or,0,0,0,0,0,0,0,0,0,0,0
function@Perl_pp_defined,0,0,0,0,0,7,0,0,0,0,0.162658
function@Perl_pp_add,0,0,0,0,0,14,0,0,0,0,3.48387
function@Perl_pp_aelemfast,0,0,0,0,0,7,0,0,0,0,3.51282
function@Perl_pp_join,0,0,0,0,0,2,0,0,0,0,2
function@Perl_pp_pushre,0,0,0,0,0,1,0,0,0,0,0.5
function@Perl_pp_print,0,0,0,0,0,28,0,0,0,0,2.28986
function@Perl_pp_rv2av,0,0,0,0,0,23,0,0,0,0,2.09324
function@Perl_pp_aassign,35,0,0,17,0,61,111.545,0,21.7362,0,375.479
function@Perl_pp_qr,0,0,0,0,0,17,0,0,0,0,9.2549
function@Perl_pp_match,65,0,0,24,0,35,19.8738,0,10.0327,0,3.27092
function@Perl_pp_helem,0,0,0,0,0,24,0,0,0,0,3.47984
function@S_softref2xv_lite,0,0,0,0,0,9,0,0,0,0,6.25
function@Perl_pp_multideref,7,0,0,2,0,98,0.382656,0,0.152221,0,40.4729
function@Perl_pp_iter,0,0,0,0,0,28,0,0,0,0,4.09834
function@Perl_pp_subst,156,0,0,37,0,83,76.1831,0,18.6805,0,30.8025
function@Perl_pp_grepwhile,0,0,0,0,0,11,0,0,0,0,1.17557
function@Perl_pp_leavesub,0,0,0,0,0,11,0,0,0,0,1.05047
function@Perl_pp_entersub,15,0,0,6,0,39,1.17053,0,2.0872,0,4.55347
function@Perl_sub_crush_depth,0,0,0,0,0,1,0,0,0,0,0.5
function@Perl_pp_aelem,0,0,0,0,0,23,0,0,0,0,3.87983
function@Perl_pp_method,0,0,0,0,0,2,0,0,0,0,1.52381
function@S_opmethod_stash,0,0,0,0,0,23,0,0,0,0,28.2557
function@Perl_pp_method_named,0,0,0,0,0,14,0,0,0,0,7.31805
function@Perl_pp_method_super,0,0,0,0,0,13,0,0,0,0,6.2724
function@Perl_pp_method_redir,0,0,0,0,0,14,0,0,0,0,7.5233
function@Perl_pp_method_redir_super,0,0,0,0,0,14,0,0,0,0,6.96868
function@Perl_do_openn,0,0,0,0,0,13,0,0,0,0,9
function@Perl_do_open_raw,0,0,0,0,0,16,0,0,0,0,16
function@Perl_do_open6,78,0,0,49,0,100,16.0913,0,11.4378,0,22.7365
function@S_openn_setup,0,0,0,0,0,14,0,0,0,0,8.37214
function@S_openn_cleanup,0,0,0,0,0,45,0,0,0,0,12.8527
function@Perl_nextargv,9,0,0,4,0,58,22.2341,0,10.1568,0,214.141
function@Perl_do_close,0,0,0,0,0,7,0,0,0,0,2.0458
function@Perl_io_close,0,0,0,0,0,15,0,0,0,0,6.21078
function@Perl_do_eof,0,0,0,0,0,8,0,0,0,0,4.59646
function@Perl_do_tell,0,0,0,0,0,3,0,0,0,0,2.84615
function@Perl_do_seek,0,0,0,0,0,4,0,0,0,0,3.84615
function@Perl_do_sysseek,0,0,0,0,0,7,0,0,0,0,5
function@Perl_mode_from_discipline,0,0,0,0,0,0,0,0,0,0,0
function@Perl_do_print,0,0,0,0,0,27,0,0,0,0,5.08189
function@Perl_my_stat_flags,0,0,0,0,0,17,0,0,0,0,3.24797
function@Perl_my_lstat_flags,0,0,0,0,0,9,0,0,0,0,2.85238
function@Perl_do_aexec5,0,0,0,0,0,17,0,0,0,0,10.5566
function@Perl_do_execfree,0,0,0,0,0,0,0,0,0,0,0
function@Perl_do_exec3,0,0,0,0,0,44,0,0,0,0,24.8359
function@Perl_apply,15,0,0,14,0,25,14.2999,0,9.48999,0,29.8808
function@Perl_cando,0,0,0,0,0,3,0,0,0,0,2.23457
function@Perl_start_glob,0,0,0,0,0,22,0,0,0,0,13.1992
function@boot_Sys__Hostname,0,0,0,0,0,3,0,0,0,0,3
function@XS_Sys__Hostname_ghname,0,0,0,0,0,1,0,0,0,0,0.5
function@boot_Hash__Util,0,0,0,0,0,10,0,0,0,0,10
function@XS_Hash__Util_all_keys,0,0,0,0,0,12,0,0,0,0,86.25
function@XS_Hash__Util_hidden_ref_keys,0,0,0,0,0,21,0,0,0,0,108.412
function@XS_Hash__Util_hv_store,0,0,0,0,0,5,0,0,0,0,2.22059
function@XS_Hash__Util_hash_seed,0,0,0,0,0,3,0,0,0,0,1.5
function@XS_Hash__Util_hash_value,0,0,0,0,0,2,0,0,0,0,0.75
function@XS_Hash__Util_hash_traversal_mask,0,0,0,0,0,2,0,0,0,0,0.1875
function@XS_Hash__Util_bucket_info,12,0,0,4,0,16,24.7941,0,14.7647,0,718.5
function@XS_Hash__Util_bucket_array,8,0,0,4,0,13,759.229,0,106.641,0,872.705
function@boot_Devel__Peek,0,0,0,0,0,10,0,0,0,0,10
function@XS_Devel__Peek_mstat,0,0,0,0,0,3,0,0,0,0,1.68
function@XS_Devel__Peek_fill_mstats,0,0,0,0,0,0,0,0,0,0,0
function@XS_Devel__Peek_mstats_fillhash,0,0,0,0,0,0,0,0,0,0,0
function@XS_Devel__Peek_mstats2hash,0,0,0,0,0,0,0,0,0,0,0
function@XS_Devel__Peek_Dump,0,0,0,0,0,2,0,0,0,0,1.25
function@XS_Devel__Peek_DumpArray,14,0,0,5,0,16,56.1221,0,3.3125,0,72.5713
function@XS_Devel__Peek_DumpProg,0,0,0,0,0,0,0,0,0,0,0
function@XS_Devel__Peek_SvREFCNT,0,0,0,0,0,7,0,0,0,0,4.5
function@XS_Devel__Peek_DeadCode,47,0,0,46,0,22,3280.19,0,3271.67,0,3376.24
function@XS_Devel__Peek_CvGV,0,0,0,0,0,1,0,0,0,0,0.0941176
function@XS_Devel__Peek_runops_debug,0,0,0,0,0,0,0,0,0,0,0
function@S_ck_dump,0,0,0,0,0,13,0,0,0,0,10.375
function@S_pp_dump,0,0,0,0,0,1,0,0,0,0,0.258065
function@S_do_dump,0,0,0,0,0,17,0,0,0,0,9.61578
function@PerlIOVia_fetchmethod,0,0,0,0,0,6,0,0,0,0,6
function@PerlIOVia_method,9,0,0,1,0,24,2.44477,0,1,0,38.5024
function@PerlIOVia_pushed,0,0,0,0,0,26,0,0,0,0,9.30443
function@PerlIOVia_open,6,0,0,3,0,63,3.88669,0,4.33946,0,30.1799
function@PerlIOVia_popped,0,0,0,0,0,1,0,0,0,0,1
function@PerlIOVia_close,0,0,0,0,0,9,0,0,0,0,6.7
function@PerlIOVia_fileno,0,0,0,0,0,2,0,0,0,0,2
function@PerlIOVia_binmode,0,0,0,0,0,4,0,0,0,0,3.37255
function@PerlIOVia_seek,0,0,0,0,0,7,0,0,0,0,7
function@PerlIOVia_tell,0,0,0,0,0,0,0,0,0,0,0
function@PerlIOVia_unread,0,0,0,0,0,10,0,0,0,0,8.08
function@PerlIOVia_read,0,0,0,0,0,18,0,0,0,0,6.91177
function@PerlIOVia_write,0,0,0,0,0,10,0,0,0,0,4.7451
function@PerlIOVia_fill,0,0,0,0,0,6,0,0,0,0,2.39062
function@PerlIOVia_flush,0,0,0,0,0,4,0,0,0,0,1.875
function@PerlIOVia_get_base,0,0,0,0,0,2,0,0,0,0,0.690476
function@PerlIOVia_get_ptr,0,0,0,0,0,2,0,0,0,0,0.690476
function@PerlIOVia_get_cnt,0,0,0,0,0,2,0,0,0,0,0.690476
function@PerlIOVia_bufsiz,0,0,0,0,0,2,0,0,0,0,0.690476
function@PerlIOVia_set_ptrcnt,0,0,0,0,0,0,0,0,0,0,0
function@PerlIOVia_setlinebuf,0,0,0,0,0,3,0,0,0,0,3
function@PerlIOVia_clearerr,0,0,0,0,0,3,0,0,0,0,3
function@PerlIOVia_error,0,0,0,0,0,3,0,0,0,0,2.36
function@PerlIOVia_eof,0,0,0,0,0,3,0,0,0,0,2.36
function@PerlIOVia_getarg,0,0,0,0,0,0,0,0,0,0,0
function@PerlIOVia_dup,0,0,0,0,0,0,0,0,0,0,0
function@boot_PerlIO__via,0,0,0,0,0,3,0,0,0,0,3
function@my_re_intuit_start,240,0,0,46,0,70,494.262,0,60.3656,0,28.0736
function@S_to_utf8_substr,0,0,0,0,0,9,0,0,0,0,2.17647
function@S_to_byte_substr,0,0,0,0,0,11,0,0,0,0,2.21036
function@S_reghop3,0,0,0,0,0,1,0,0,0,0,1.47059
function@S_reghopmaybe3,0,0,0,0,0,5,0,0,0,0,8.15294
function@S_reghop4,0,0,0,0,0,1,0,0,0,0,1.47059
function@S_find_byclass,256,1,0,26,0,380,59.6915,0.0133333,4.93954,0,36.567
function@my_regexec,156,0,0,29,0,98,15.4021,0,7.94752,0,11.06
function@S_reg_set_capture_string,0,0,0,0,0,11,0,0,0,0,5.90875
function@S_cleanup_regmatch_info_aux,0,0,0,0,0,2,0,0,0,0,21.45
function@S_regtry,0,0,0,0,0,7,0,0,0,0,4.57143
function@S_reginclass,0,0,0,0,0,18,0,0,0,0,6.58103
function@S_isGCB,0,0,0,0,0,8,0,0,0,0,0.97561
function@S_isSB,0,0,0,0,0,30,0,0,0,0,6.90588
function@S_isWB,0,0,0,0,0,23,0,0,0,0,4.43598
function@S_isFOO_utf8_lc,0,0,0,0,0,15,0,0,0,0,1.23594
function@S_isFOO_lc,0,0,0,0,0,26,0,0,0,0,1.75795
function@S_backup_one_SB,0,0,0,0,0,16,0,0,0,0,13.6955
function@S_advance_one_SB,0,0,0,0,0,6,0,0,0,0,17.6923
function@S_backup_one_WB,0,0,0,0,0,17,0,0,0,0,11.7716
function@S_advance_one_WB,0,0,0,0,0,6,0,0,0,0,17.6923
function@S_regmatch,773,5,0,264,0,319,1040.21,0.506339,509.518,0,156.998
function@S_regcppush,0,0,0,0,0,9,0,0,0,0,5.83333
function@S_sv_only_taint_gmagic,0,0,0,0,0,1,0,0,0,0,0.126984
function@S_regcppop,0,0,0,0,0,1,0,0,0,0,0.625
function@S_setup_EXACTISH_ST_c1_c2,210,0,0,10,0,32,4.0575,0,1.21889,0,10.3597
function@S_regrepeat,229,0,0,51,0,77,20.3756,0,9.87782,0,6.82426
function@my_re_compile,0,0,0,0,0,2,0,0,0,0,2
function@my_re_op_compile,272,0,0,46,0,155,2464.38,0,501.757,0,2123.28
function@S_concat_pat,24,0,0,16,0,49,191.421,0,62.5526,0,458.148
function@S_pat_upgrade_to_utf8,8,0,0,2,0,16,15.84,0,2,0,43.4
function@S_reg,172,0,0,63,0,303,71.2174,0,9.51204,0,77.9567
function@my_regprop,4,0,0,1,0,76,0.2414,0,0.0292053,0,11.8257
function@S_ssc_init,0,0,0,0,0,4,0,0,0,0,3
function@S_study_chunk,887,0,0,155,0,321,29626.7,0,5586.88,0,12662.5
function@S_scan_commit,0,0,0,0,0,11,0,0,0,0,7.42857
function@S_is_ssc_worth_it,0,0,0,0,0,15,0,0,0,0,3.49531
function@S_add_data,0,0,0,0,0,9,0,0,0,0,7.38095
function@S_ssc_finalize,0,0,0,0,0,5,0,0,0,0,5
function@my_regdump,0,0,0,0,0,29,0,0,0,0,28.3439
function@my_reg_named_buff,0,0,0,0,0,16,0,0,0,0,5.27033
function@my_reg_named_buff_fetch,11,0,0,3,0,22,11.5425,0,1.99914,0,15.9279
function@my_reg_named_buff_exists,0,0,0,0,0,10,0,0,0,0,5.24428
function@my_reg_named_buff_all,0,0,0,0,0,12,0,0,0,0,21.1692
function@my_reg_named_buff_scalar,0,0,0,0,0,8,0,0,0,0,2.35321
function@my_reg_named_buff_iter,0,0,0,0,0,7,0,0,0,0,3.74194
function@my_reg_named_buff_firstkey,0,0,0,0,0,3,0,0,0,0,2.4
function@my_reg_named_buff_nextkey,0,0,0,0,0,9,0,0,0,0,9.7
function@my_reg_numbered_buff_fetch,0,0,0,0,0,13,0,0,0,0,4.54029
function@my_reg_numbered_buff_store,0,0,0,0,0,0,0,0,0,0,0
function@my_reg_numbered_buff_length,0,0,0,0,0,14,0,0,0,0,4.82281
function@my_reg_qr_package,0,0,0,0,0,0,0,0,0,0,0
function@S_dumpuntil,109,0,0,24,0,42,589.313,0,58.6988,0,485.506
function@S_put_charclass_bitmap_innards,0,0,0,0,0,39,0,0,0,0,98.3125
function@S_invlist_iterinit,0,0,0,0,0,6,0,0,0,0,1
function@S_invlist_iternext,0,0,0,0,0,7,0,0,0,0,4.625
function@S_put_range,43,0,0,7,0,36,72.8173,0,13.4157,0,55.9351
function@S_invlist_iterfinish,0,0,0,0,0,6,0,0,0,0,1
function@my_re_intuit_string,0,0,0,0,0,14,0,0,0,0,8.44118
function@my_regfree,0,0,0,0,0,14,0,0,0,0,8.45098
function@S_ssc_anything,0,0,0,0,0,21,0,0,0,0,10.1667
function@S__invlist_len,0,0,0,0,0,2,0,0,0,0,1.36
function@S_invlist_array,0,0,0,0,0,6,0,0,0,0,1
function@S_invlist_set_len,0,0,0,0,0,4,0,0,0,0,3.48387
function@S_ssc_or,0,0,0,0,0,12,0,0,0,0,19.5476
function@S_ssc_and,0,0,0,0,0,38,0,0,0,0,10.5976
function@S_make_trie,299,0,0,301,0,206,2721.96,0,679.593,0,2696.63
function@S_unwind_scan_frames,0,0,0,0,0,1,0,0,0,0,31.875
function@S_ssc_clear_locale,0,0,0,0,0,1,0,0,0,0,1
function@S_ssc_add_range,0,0,0,0,0,5,0,0,0,0,5
function@S_ssc_intersection,0,0,0,0,0,5,0,0,0,0,5
function@S_ssc_union,0,0,0,0,0,5,0,0,0,0,5
function@S_invlist_clone,0,0,0,0,0,6,0,0,0,0,5.36
function@S_get_ANYOF_cp_list_for_ssc,0,0,0,0,0,14,0,0,0,0,40.543
function@S_ssc_is_cp_posixl_init,0,0,0,0,0,21,0,0,0,0,3.87109
function@S_add_above_Latin1_folds,0,0,0,0,0,4,0,0,0,0,3.0625
function@S_populate_ANYOF_from_invlist,0,0,0,0,0,15,0,0,0,0,5.125
function@S_set_ANYOF_arg,0,0,0,0,0,27,0,0,0,0,12.5441
function@S_re_croak2,0,0,0,0,0,9,0,0,0,0,8.5
function@S_reganode,0,0,0,0,0,8,0,0,0,0,8
function@S_reg_node,0,0,0,0,0,7,0,0,0,0,7
function@S_nextchar,0,0,0,0,0,9,0,0,0,0,101.375
function@S_reg_scan_name,0,0,0,0,0,12,0,0,0,0,7.31959
function@S_reg2Lanode,0,0,0,0,0,8,0,0,0,0,8
function@S_regtail,16,0,0,4,0,22,70.2059,0,22.6765,0,109.971
function@S_regbranch,79,0,0,17,0,101,79.0256,0,25.8549,0,136.778
function@S_handle_regex_sets,76,0,0,20,0,105,87.3737,0,18.347,0,97.1314
function@S_parse_lparen_question_flags,15,0,0,19,0,26,99.7322,0,34.6215,0,250.952
function@S_reginsert,12,0,0,5,0,15,21,0,13.6618,0,8.05147
function@S_regtail_study,19,0,0,3,0,33,73.9725,0,21.6651,0,118.812
function@S_regnode_guts,0,0,0,0,0,9,0,0,0,0,6.81609
function@S_regpatws,0,0,0,0,0,5,0,0,0,0,4.30392
function@S_regatom,576,0,0,37,0,146,44.455,0,6.50909,0,20.7498
function@S_regclass,740,0,0,109,0,252,819.02,0,152.122,0,1214.19
function@S_grok_bslash_N,39,0,0,4,0,40,16.2881,0,2.62012,0,18.826
function@S_grok_bslash_o,0,0,0,0,0,12,0,0,0,0,8.35352
function@S_grok_bslash_x,0,0,0,0,0,12,0,0,0,0,8.04492
function@S_grok_bslash_c,0,0,0,0,0,4,0,0,0,0,3.125
function@S_form_short_octal_warning,0,0,0,0,0,2,0,0,0,0,2
function@S__invlist_contains_cp,0,0,0,0,0,3,0,0,0,0,3
function@S_alloc_maybe_populate_EXACT,0,0,0,0,0,11,0,0,0,0,6.82227
function@S_add_multi_match,0,0,0,0,0,15,0,0,0,0,11.2381
function@S_could_it_be_a_POSIX_class,0,0,0,0,0,7,0,0,0,0,3.08185
function@S_put_code_point,0,0,0,0,0,9,0,0,0,0,3.73125
function@boot_re,0,0,0,0,0,5,0,0,0,0,5
function@XS_re_install,0,0,0,0,0,3,0,0,0,0,1.5
function@XS_re_regmust,0,0,0,0,0,6,0,0,0,0,1.98901
function@xsfopen,0,0,0,0,0,0,0,0,0,0,0
function@xsfclose,0,0,0,0,0,0,0,0,0,0,0
function@xsfprintf,0,0,0,0,0,1,0,0,0,0,1
function@HUF_get_ob_reg,0,0,0,0,0,5,0,0,0,0,2.82353
function@HUF_global,0,0,0,0,0,0,0,0,0,0,0
function@HUF_obj_id,0,0,0,0,0,7,0,0,0,0,5.18421
function@HUF_add_uvar_magic,0,0,0,0,0,1,0,0,0,0,1
function@HUF_get_trigger_content,0,0,0,0,0,2,0,0,0,0,0.588235
function@HUF_destroy_obj,0,0,0,0,0,9,0,0,0,0,23.4524
function@HUF_new_trigger,0,0,0,0,0,13,0,0,0,0,13
function@HUF_ask_trigger,0,0,0,0,0,2,0,0,0,0,1.38095
function@HUF_get_trigger0,0,0,0,0,0,5,0,0,0,0,4.2
function@HUF_get_trigger,0,0,0,0,0,5,0,0,0,0,4.2
function@HUF_mark_field,0,0,0,0,0,6,0,0,0,0,4.60938
function@HUF_watch_key_safe,0,0,0,0,0,23,0,0,0,0,5.80242
function@HUF_watch_key_id,0,0,0,0,0,8,0,0,0,0,2.81748
function@HUF_func_2mode,0,0,0,0,0,0,0,0,0,0,0
function@HUF_mode_2func,0,0,0,0,0,0,0,0,0,0,0
function@HUF_get_status,0,0,0,0,0,5,0,0,0,0,0.942529
function@HUF_fix_trigger,0,0,0,0,0,19,0,0,0,0,135.609
function@HUF_fix_objects,0,0,0,0,0,17,0,0,0,0,241.25
function@HUF_inc_var,0,0,0,0,0,2,0,0,0,0,1.5
function@boot_Hash__Util__FieldHash,0,0,0,0,0,14,0,0,0,0,14
function@XS_Hash__Util__FieldHash__fieldhash,0,0,0,0,0,13,0,0,0,0,3.65053
function@XS_Hash__Util__FieldHash_id,0,0,0,0,0,12,0,0,0,0,3.59211
function@XS_Hash__Util__FieldHash_id_2obj,0,0,0,0,0,0,0,0,0,0,0
function@XS_Hash__Util__FieldHash_register,0,0,0,0,0,21,0,0,0,0,24.4597
function@XS_Hash__Util__FieldHash_CLONE,0,0,0,0,0,0,0,0,0,0,0
function@XS_Hash__Util__FieldHash__active_fields,0,0,0,0,0,17,0,0,0,0,20.8421
function@XS_Hash__Util__FieldHash__test_uvar_get,0,0,0,0,0,0,0,0,0,0,0
function@boot_Tie__Hash__NamedCapture,0,0,0,0,0,15,0,0,0,0,14.5
function@XS_Tie__Hash__NamedCapture_TIEHASH,2,0,0,1,0,6,2,0,1,0,5.5
function@XS_Tie__Hash__NamedCapture_FETCH,0,0,0,0,0,5,0,0,0,0,1.82051
function@XS_Tie__Hash__NamedCapture_FIRSTKEY,0,0,0,0,0,3,0,0,0,0,0.794118
function@XS_Tie__Hash__NamedCapture_flags,0,0,0,0,0,3,0,0,0,0,1.5
function@tie_it,0,0,0,0,0,10,0,0,0,0,9.5
function@boot_File__Glob,0,0,0,0,0,16,0,0,0,0,263.625
function@XS_File__Glob_GLOB_ERROR,0,0,0,0,0,3,0,0,0,0,2
function@XS_File__Glob_bsd_glob,0,0,0,0,0,6,0,0,0,0,2.67188
function@XS_File__Glob_csh_glob,0,0,0,0,0,2,0,0,0,0,0.380952
function@XS_File__Glob_bsd_glob_override,0,0,0,0,0,2,0,0,0,0,0.380952
function@XS_File__Glob_AUTOLOAD,0,0,0,0,0,4,0,0,0,0,3
function@csh_glob_iter,0,0,0,0,0,0,0,0,0,0,0
function@glob_ophook,0,0,0,0,0,1,0,0,0,0,1
function@doglob,0,0,0,0,0,9,0,0,0,0,94.625
function@errfunc,0,0,0,0,0,1,0,0,0,0,1
function@iterate,4,0,0,2,0,22,1.5,0,2,0,5.41016
function@doglob_iter_wrapper,0,0,0,0,0,8,0,0,0,0,13.3438
function@csh_glob,66,0,0,33,0,25,24.2564,0,10.9455,0,173.647
function@bsd_glob,0,0,0,0,0,5,0,0,0,0,17.5
function@globexp1,0,0,0,0,0,27,0,0,0,0,16.3159
function@glob0,0,0,0,0,0,23,0,0,0,0,750.885
function@bsd_globfree,0,0,0,0,0,1,0,0,0,0,1
function@globextend,0,0,0,0,0,13,0,0,0,0,7.93407
function@ci_compare,0,0,0,0,0,6,0,0,0,0,3.15385
function@compare,0,0,0,0,0,0,0,0,0,0,0
function@glob2,6,0,0,3,0,40,13.9039,0,1.58083,0,16.3301
function@g_stat,0,0,0,0,0,1,0,0,0,0,1
function@g_opendir,0,0,0,0,0,3,0,0,0,0,1.94246
function@match,19,0,0,10,0,14,75.5912,0,66.3958,0,60.6875
function@tie,0,0,0,0,0,11,0,0,0,0,9.85714
function@boot_arybase,0,0,0,0,0,24,0,0,0,0,16.1429
function@XS_arybase_FETCH,0,0,0,0,0,7,0,0,0,0,2.11111
function@XS_arybase_STORE,0,0,0,0,0,1,0,0,0,0,0.492064
function@XS_arybase__mg_FETCH,0,0,0,0,0,12,0,0,0,0,3.39216
function@XS_arybase__mg_STORE,0,0,0,0,0,11,0,0,0,0,3.21569
function@ab_ck_sassign,0,0,0,0,0,2,0,0,0,0,2
function@ab_ck_aassign,0,0,0,0,0,2,0,0,0,0,2
function@ab_ck_base,1,0,0,1,0,18,0.0605653,0,0.0605653,0,6.10767
function@ab_process_assignment,0,0,0,0,0,9,0,0,0,0,2.03168
function@ab_pp_basearg,1,0,0,3,0,3,0.828125,0,0.992188,0,0.851562
function@ab_pp_av2arylen,0,0,0,0,0,7,0,0,0,0,4.78495
function@ab_pp_keys,0,0,0,0,0,2,0,0,0,0,2
function@ab_pp_each,0,0,0,0,0,2,0,0,0,0,2
function@ab_pp_index,0,0,0,0,0,7,0,0,0,0,4.37255
function@PerlIOScalar_pushed,0,0,0,0,0,13,0,0,0,0,8.95115
function@PerlIOScalar_popped,0,0,0,0,0,0,0,0,0,0,0
function@PerlIOScalar_close,0,0,0,0,0,2,0,0,0,0,2
function@PerlIOScalar_fileno,0,0,0,0,0,0,0,0,0,0,0
function@PerlIOScalar_seek,0,0,0,0,0,3,0,0,0,0,2.46875
function@PerlIOScalar_tell,0,0,0,0,0,0,0,0,0,0,0
function@PerlIOScalar_read,0,0,0,0,0,13,0,0,0,0,5.70312
function@PerlIOScalar_write,0,0,0,0,0,20,0,0,0,0,7.06158
function@PerlIOScalar_fill,0,0,0,0,0,0,0,0,0,0,0
function@PerlIOScalar_flush,0,0,0,0,0,0,0,0,0,0,0
function@PerlIOScalar_get_base,0,0,0,0,0,1,0,0,0,0,0.5
function@PerlIOScalar_get_ptr,0,0,0,0,0,1,0,0,0,0,0.5
function@PerlIOScalar_get_cnt,0,0,0,0,0,1,0,0,0,0,0.5
function@PerlIOScalar_bufsiz,0,0,0,0,0,1,0,0,0,0,0.5
function@PerlIOScalar_set_ptrcnt,0,0,0,0,0,1,0,0,0,0,1
function@PerlIOScalar_open,0,0,0,0,0,13,0,0,0,0,7.35294
function@PerlIOScalar_arg,0,0,0,0,0,1,0,0,0,0,0.0941176
function@PerlIOScalar_dup,0,0,0,0,0,13,0,0,0,0,10.7353
function@boot_PerlIO__scalar,0,0,0,0,0,3,0,0,0,0,3
function@boot_attributes,0,0,0,0,0,10,0,0,0,0,10
function@XS_attributes__modify_attrs,16,0,0,4,0,13,19.1648,0,9.11905,0,42.0799
function@XS_attributes__fetch_attrs,0,0,0,0,0,8,0,0,0,0,33.746
function@XS_attributes__guess_stash,0,0,0,0,0,13,0,0,0,0,34.7637
function@XS_attributes_reftype,0,0,0,0,0,7,0,0,0,0,51.4375
function@boot_mro,0,0,0,0,0,15,0,0,0,0,15
function@XS_mro_get_linear_isa,0,0,0,0,0,10,0,0,0,0,4.76471
function@XS_mro_set_mro,0,0,0,0,0,4,0,0,0,0,2.7619
function@XS_mro_get_mro,0,0,0,0,0,1,0,0,0,0,0.235294
function@XS_mro_get_isarev,0,0,0,0,0,11,0,0,0,0,27.9444
function@XS_mro_is_universal,0,0,0,0,0,6,0,0,0,0,3.38281
function@XS_mro_invalidate_all_method_caches,0,0,0,0,0,0,0,0,0,0,0
function@XS_mro_get_pkg_gen,0,0,0,0,0,8,0,0,0,0,5.08824
function@XS_mro__nextcan,41,0,0,16,0,51,585.177,0,563.406,0,59889.1
function@S_mro_get_linear_isa_c3,31,0,0,8,0,53,16.7462,0,1.16192,0,25.8042
function@Perl_mro_get_private_data,0,0,0,0,0,3,0,0,0,0,2.35294
function@Perl_mro_set_private_data,0,0,0,0,0,6,0,0,0,0,5
function@Perl_mro_get_from_name,0,0,0,0,0,2,0,0,0,0,1.38095
function@Perl_mro_register,0,0,0,0,0,5,0,0,0,0,4.19048
function@Perl_mro_meta_init,0,0,0,0,0,1,0,0,0,0,1
function@Perl_mro_get_linear_isa,0,0,0,0,0,27,0,0,0,0,19.5447
function@Perl_mro_isa_changed_in,65,0,0,24,0,31,468.35,0,23.8611,0,663.252
function@S_mro_clean_isarev,3,0,0,1,0,20,11.6892,0,7.8125,0,52.4635
function@Perl_mro_package_moved,2,0,0,2,0,33,1.02905,0,2,0,48.9004
function@S_mro_gather_and_rename,66,0,0,26,0,101,134.853,0,72.0661,0,567.194
function@Perl_mro_method_changed_in,0,0,0,0,0,22,0,0,0,0,14.2615
function@Perl_mro_set_mro,0,0,0,0,0,6,0,0,0,0,4.37037
function@Perl_boot_core_mro,0,0,0,0,0,3,0,0,0,0,2.19048
function@XS_mro_method_changed_in,0,0,0,0,0,2,0,0,0,0,1.38095
function@S_mro_get_linear_isa_dfs,17,0,0,5,0,36,7.67493,0,3.1975,0,24.7078
function@Perl_safesysmalloc,0,0,0,0,0,2,0,0,0,0,2
function@Perl_croak_no_mem,0,0,0,0,0,0,0,0,0,0,0
function@Perl_safesysrealloc,0,0,0,0,0,5,0,0,0,0,0.751678
function@Perl_safesysfree,0,0,0,0,0,0,0,0,0,0,0
function@Perl_safesyscalloc,0,0,0,0,0,7,0,0,0,0,4.97531
function@Perl_malloc,0,0,0,0,0,0,0,0,0,0,0
function@Perl_calloc,0,0,0,0,0,0,0,0,0,0,0
function@Perl_realloc,0,0,0,0,0,0,0,0,0,0,0
function@Perl_mfree,0,0,0,0,0,0,0,0,0,0,0
function@Perl_delimcpy,0,0,0,0,0,3,0,0,0,0,2
function@Perl_instr,0,0,0,0,0,0,0,0,0,0,0
function@Perl_ninstr,0,0,0,0,0,6,0,0,0,0,2.7029
function@Perl_rninstr,0,0,0,0,0,7,0,0,0,0,3.5
function@Perl_fbm_compile,0,0,0,0,0,13,0,0,0,0,1.99219
function@Perl_fbm_instr,0,0,0,0,0,36,0,0,0,0,7.06284
function@Perl_foldEQ,0,0,0,0,0,1,0,0,0,0,0.210526
function@Perl_foldEQ_latin1,0,0,0,0,0,1,0,0,0,0,0.210526
function@Perl_foldEQ_locale,0,0,0,0,0,1,0,0,0,0,0.210526
function@Perl_savepv,0,0,0,0,0,9,0,0,0,0,6.09524
function@Perl_savepvn,0,0,0,0,0,9,0,0,0,0,7
function@Perl_savesharedpv,0,0,0,0,0,9,0,0,0,0,6.13218
function@Perl_savesharedpvn,0,0,0,0,0,6,0,0,0,0,6
function@Perl_savesvpv,0,0,0,0,0,5,0,0,0,0,4.5
function@Perl_savesharedsvpv,0,0,0,0,0,0,0,0,0,0,0
function@Perl_form,0,0,0,0,0,7,0,0,0,0,5.6875
function@Perl_vform,0,0,0,0,0,9,0,0,0,0,7.69048
function@Perl_mess,0,0,0,0,0,0,0,0,0,0,0
function@Perl_vmess,0,0,0,0,0,10,0,0,0,0,8.69048
function@Perl_closest_cop,0,0,0,0,0,11,0,0,0,0,9.83529
function@Perl_mess_sv,0,0,0,0,0,20,0,0,0,0,5.03296
function@Perl_write_to_stderr,0,0,0,0,0,11,0,0,0,0,4.94519
function@Perl_die_sv,0,0,0,0,0,6,0,0,0,0,3.6
function@Perl_croak_sv,0,0,0,0,0,6,0,0,0,0,3.6
function@Perl_die,0,0,0,0,0,0,0,0,0,0,0
function@Perl_vcroak,0,0,0,0,0,7,0,0,0,0,3.76786
function@S_invoke_exception_hook,0,0,0,0,0,18,0,0,0,0,5.3671
function@Perl_croak,0,0,0,0,0,7,0,0,0,0,3.76562
function@Perl_croak_no_modify,0,0,0,0,0,0,0,0,0,0,0
function@Perl_croak_popstack,0,0,0,0,0,0,0,0,0,0,0
function@Perl_warn_sv,0,0,0,0,0,3,0,0,0,0,2.5
function@Perl_vwarn,0,0,0,0,0,3,0,0,0,0,2.5
function@Perl_warn,0,0,0,0,0,3,0,0,0,0,2.5
function@Perl_ck_warner_d,0,0,0,0,0,2,0,0,0,0,3.48876
function@Perl_ckwarn_d,0,0,0,0,0,3,0,0,0,0,7.82895
function@Perl_vwarner,0,0,0,0,0,13,0,0,0,0,4.56775
function@Perl_ck_warner,0,0,0,0,0,2,0,0,0,0,3.48876
function@Perl_ckwarn,0,0,0,0,0,3,0,0,0,0,7.82895
function@Perl_warner,0,0,0,0,0,0,0,0,0,0,0
function@Perl_new_warnings_bitfield,0,0,0,0,0,10,0,0,0,0,8.75
function@Perl_my_setenv,6,0,0,1,0,30,7.44355,0,1,0,31.2984
function@Perl_my_popen_list,0,0,0,0,0,23,0,0,0,0,21.7269
function@Perl_my_fork,0,0,0,0,0,0,0,0,0,0,0
function@dup2,0,0,0,0,0,6,0,0,0,0,4
function@Perl_wait4pid,0,0,0,0,0,3,0,0,0,0,2.36765
function@Perl_my_popen,0,0,0,0,0,32,0,0,0,0,19.8955
function@Perl_atfork_lock,0,0,0,0,0,0,0,0,0,0,0
function@Perl_atfork_unlock,0,0,0,0,0,0,0,0,0,0,0
function@Perl_rsignal,0,0,0,0,0,0,0,0,0,0,0
function@Perl_rsignal_state,0,0,0,0,0,7,0,0,0,0,6.66667
function@sig_trap,0,0,0,0,0,0,0,0,0,0,0
function@Perl_rsignal_save,0,0,0,0,0,2,0,0,0,0,2
function@Perl_rsignal_restore,0,0,0,0,0,0,0,0,0,0,0
function@Perl_my_pclose,0,0,0,0,0,14,0,0,0,0,21.3692
function@Perl_repeatcpy,0,0,0,0,0,46,0,0,0,0,21.7334
function@Perl_same_dirent,0,0,0,0,0,18,0,0,0,0,10.8438
function@Perl_find_script,8,0,0,3,0,29,0.598527,0,1.11894,0,66.1767
function@Perl_my_strlcpy,0,0,0,0,0,9,0,0,0,0,8
function@Perl_get_context,0,0,0,0,0,0,0,0,0,0,0
function@Perl_set_context,0,0,0,0,0,0,0,0,0,0,0
function@Perl_get_op_names,0,0,0,0,0,0,0,0,0,0,0
function@Perl_get_op_descs,0,0,0,0,0,0,0,0,0,0,0
function@Perl_get_no_modify,0,0,0,0,0,0,0,0,0,0,0
function@Perl_get_opargs,0,0,0,0,0,0,0,0,0,0,0
function@Perl_get_ppaddr,0,0,0,0,0,0,0,0,0,0,0
function@Perl_getenv_len,0,0,0,0,0,4,0,0,0,0,3.66667
function@Perl_get_vtbl,0,0,0,0,0,0,0,0,0,0,0
function@Perl_my_fflush_all,0,0,0,0,0,0,0,0,0,0,0
function@Perl_report_wrongway_fh,0,0,0,0,0,1,0,0,0,0,0.470183
function@Perl_report_evil_fh,0,0,0,0,0,21,0,0,0,0,4.80525
function@Perl_init_tm,0,0,0,0,0,1,0,0,0,0,1
function@Perl_mini_mktime,0,0,0,0,0,1,0,0,0,0,0.232143
function@Perl_my_strftime,0,0,0,0,0,0,0,0,0,0,0
function@Perl_getcwd_sv,0,0,0,0,0,5,0,0,0,0,3
function@Perl_prescan_version,0,0,0,0,0,35,0,0,0,0,4.05305
function@Perl_scan_version,32,0,0,8,0,38,221.647,0,42.3895,0,329.816
function@Perl_new_version,0,0,0,0,0,38,0,0,0,0,38.4691
function@Perl_upg_version,0,0,0,0,0,47,0,0,0,0,15.9098
function@Perl_my_snprintf,0,0,0,0,0,3,0,0,0,0,3
function@Perl_vverify,0,0,0,0,0,4,0,0,0,0,3.4
function@Perl_vnumify,0,0,0,0,0,34,0,0,0,0,50.1111
function@Perl_vnormal,0,0,0,0,0,19,0,0,0,0,79.125
function@Perl_vstringify,0,0,0,0,0,7,0,0,0,0,4.16071
function@Perl_vcmp,2,0,0,1,0,40,0.914286,0,1,0,147.048
function@Perl_my_socketpair,0,0,0,0,0,0,0,0,0,0,0
function@Perl_sv_nosharing,0,0,0,0,0,0,0,0,0,0,0
function@Perl_sv_destroyable,0,0,0,0,0,0,0,0,0,0,0
function@Perl_parse_unicode_opts,0,0,0,0,0,8,0,0,0,0,3.84585
function@Perl_seed,0,0,0,0,0,0,0,0,0,0,0
function@Perl_get_hash_seed,0,0,0,0,0,0,0,0,0,0,0
function@Perl_my_vsnprintf,0,0,0,0,0,3,0,0,0,0,3
function@Perl_my_clearenv,0,0,0,0,0,1,0,0,0,0,0.142857
function@Perl_xs_handshake,0,0,0,0,0,45,0,0,0,0,14.256
function@Perl_my_strlcat,0,0,0,0,0,9,0,0,0,0,8
function@Perl_get_db_sub,0,0,0,0,0,23,0,0,0,0,6.30619
function@S_gv_has_usable_name,0,0,0,0,0,6,0,0,0,0,1.91379
function@Perl_my_dirfd,0,0,0,0,0,1,0,0,0,0,0.619048
function@Perl_get_re_arg,0,0,0,0,0,4,0,0,0,0,3.05882
function@Perl_drand48_init_r,0,0,0,0,0,0,0,0,0,0,0
function@Perl_drand48_r,0,0,0,0,0,1,0,0,0,0,1
function@Perl_ref,0,0,0,0,0,0,0,0,0,0,0
function@Perl_sv_unref,0,0,0,0,0,0,0,0,0,0,0
function@Perl_sv_taint,0,0,0,0,0,0,0,0,0,0,0
function@Perl_sv_2iv,0,0,0,0,0,0,0,0,0,0,0
function@Perl_sv_2uv,0,0,0,0,0,0,0,0,0,0,0
function@Perl_sv_2nv,0,0,0,0,0,0,0,0,0,0,0
function@Perl_sv_2pv,0,0,0,0,0,0,0,0,0,0,0
function@Perl_sv_2pv_nolen,0,0,0,0,0,0,0,0,0,0,0
function@Perl_sv_2pvbyte_nolen,0,0,0,0,0,0,0,0,0,0,0
function@Perl_sv_2pvutf8_nolen,0,0,0,0,0,0,0,0,0,0,0
function@Perl_sv_force_normal,0,0,0,0,0,0,0,0,0,0,0
function@Perl_sv_setsv,0,0,0,0,0,0,0,0,0,0,0
function@Perl_sv_catpvn,0,0,0,0,0,0,0,0,0,0,0
function@Perl_sv_catpvn_mg,0,0,0,0,0,0,0,0,0,0,0
function@Perl_sv_catsv,0,0,0,0,0,0,0,0,0,0,0
function@Perl_sv_catsv_mg,0,0,0,0,0,0,0,0,0,0,0
function@Perl_sv_iv,0,0,0,0,0,0,0,0,0,0,0
function@Perl_sv_uv,0,0,0,0,0,0,0,0,0,0,0
function@Perl_sv_nv,0,0,0,0,0,0,0,0,0,0,0
function@Perl_sv_pvn,0,0,0,0,0,0,0,0,0,0,0
function@Perl_sv_pvn_nomg,0,0,0,0,0,0,0,0,0,0,0
function@Perl_sv_pv,0,0,0,0,0,0,0,0,0,0,0
function@Perl_sv_pvn_force,0,0,0,0,0,0,0,0,0,0,0
function@Perl_sv_pvbyte,0,0,0,0,0,3,0,0,0,0,2.5
function@Perl_sv_pvbyten,0,0,0,0,0,5,0,0,0,0,4
function@Perl_sv_pvutf8,0,0,0,0,0,3,0,0,0,0,2.5
function@Perl_sv_pvutf8n,0,0,0,0,0,5,0,0,0,0,4
function@Perl_sv_utf8_upgrade,0,0,0,0,0,0,0,0,0,0,0
function@Perl_fprintf_nocontext,0,0,0,0,0,0,0,0,0,0,0
function@Perl_printf_nocontext,0,0,0,0,0,2,0,0,0,0,2
function@Perl_huge,0,0,0,0,0,1,0,0,0,0,1
function@Perl_gv_fullname,0,0,0,0,0,0,0,0,0,0,0
function@Perl_gv_efullname,0,0,0,0,0,0,0,0,0,0,0
function@Perl_gv_fullname3,0,0,0,0,0,0,0,0,0,0,0
function@Perl_gv_efullname3,0,0,0,0,0,0,0,0,0,0,0
function@Perl_gv_fetchmethod,0,0,0,0,0,0,0,0,0,0,0
function@Perl_hv_iternext,0,0,0,0,0,0,0,0,0,0,0
function@Perl_hv_magic,0,0,0,0,0,0,0,0,0,0,0
function@Perl_do_open,0,0,0,0,0,0,0,0,0,0,0
function@Perl_do_open9,0,0,0,0,0,0,0,0,0,0,0
function@Perl_do_binmode,0,0,0,0,0,0,0,0,0,0,0
function@Perl_do_aexec,0,0,0,0,0,0,0,0,0,0,0
function@Perl_init_i18nl14n,0,0,0,0,0,0,0,0,0,0,0
function@Perl_is_utf8_string_loc,0,0,0,0,0,0,0,0,0,0,0
function@Perl_sv_nolocking,0,0,0,0,0,0,0,0,0,0,0
function@Perl_sv_nounlocking,0,0,0,0,0,0,0,0,0,0,0
function@Perl_save_long,0,0,0,0,0,1,0,0,0,0,1
function@Perl_save_iv,0,0,0,0,0,1,0,0,0,0,1
function@Perl_save_nogv,0,0,0,0,0,1,0,0,0,0,1
function@Perl_save_list,0,0,0,0,0,2,0,0,0,0,42.5
function@Perl_sv_usepvn_mg,0,0,0,0,0,0,0,0,0,0,0
function@Perl_sv_usepvn,0,0,0,0,0,0,0,0,0,0,0
function@Perl_unpack_str,0,0,0,0,0,2,0,0,0,0,2
function@Perl_pack_cat,0,0,0,0,0,0,0,0,0,0,0
function@Perl_hv_store_ent,0,0,0,0,0,2,0,0,0,0,2
function@Perl_hv_exists_ent,0,0,0,0,0,1,0,0,0,0,1
function@Perl_hv_fetch_ent,0,0,0,0,0,1,0,0,0,0,1
function@Perl_hv_delete_ent,0,0,0,0,0,1,0,0,0,0,1
function@Perl_hv_store_flags,0,0,0,0,0,6,0,0,0,0,6
function@Perl_hv_store,0,0,0,0,0,4,0,0,0,0,4
function@Perl_hv_exists,0,0,0,0,0,2,0,0,0,0,2
function@Perl_hv_fetch,0,0,0,0,0,3,0,0,0,0,3
function@Perl_hv_delete,0,0,0,0,0,3,0,0,0,0,3
function@Perl_newAV,0,0,0,0,0,0,0,0,0,0,0
function@Perl_newHV,0,0,0,0,0,0,0,0,0,0,0
function@Perl_sv_insert,0,0,0,0,0,0,0,0,0,0,0
function@Perl_save_freesv,0,0,0,0,0,0,0,0,0,0,0
function@Perl_save_mortalizesv,0,0,0,0,0,0,0,0,0,0,0
function@Perl_save_freeop,0,0,0,0,0,0,0,0,0,0,0
function@Perl_save_freepv,0,0,0,0,0,0,0,0,0,0,0
function@Perl_save_op,0,0,0,0,0,0,0,0,0,0,0
function@Perl_gv_SVadd,0,0,0,0,0,0,0,0,0,0,0
function@Perl_gv_AVadd,0,0,0,0,0,0,0,0,0,0,0
function@Perl_gv_HVadd,0,0,0,0,0,0,0,0,0,0,0
function@Perl_gv_IOadd,0,0,0,0,0,0,0,0,0,0,0
function@Perl_newIO,0,0,0,0,0,0,0,0,0,0,0
function@Perl_my_stat,0,0,0,0,0,0,0,0,0,0,0
function@Perl_my_lstat,0,0,0,0,0,0,0,0,0,0,0
function@Perl_sv_eq,0,0,0,0,0,0,0,0,0,0,0
function@Perl_sv_2bool,0,0,0,0,0,0,0,0,0,0,0
function@Perl_custom_op_name,0,0,0,0,0,0,0,0,0,0,0
function@Perl_custom_op_desc,0,0,0,0,0,0,0,0,0,0,0
function@Perl_newSUB,0,0,0,0,0,1,0,0,0,0,1
function@Perl_to_utf8_fold,0,0,0,0,0,0,0,0,0,0,0
function@Perl_to_utf8_lower,0,0,0,0,0,0,0,0,0,0,0
function@Perl_to_utf8_title,0,0,0,0,0,0,0,0,0,0,0
function@Perl_to_utf8_upper,0,0,0,0,0,0,0,0,0,0,0
function@Perl_sv_mortalcopy,0,0,0,0,0,0,0,0,0,0,0
function@Perl_sv_copypv,0,0,0,0,0,0,0,0,0,0,0
function@NATIVE_TO_NEED,0,0,0,0,0,1,0,0,0,0,1
function@ASCII_TO_NEED,0,0,0,0,0,1,0,0,0,0,1
function@Perl_isIDFIRST_lazy,0,0,0,0,0,1,0,0,0,0,0.0572687
function@Perl_isALNUM_lazy,0,0,0,0,0,2,0,0,0,0,1.05727
function@Perl_is_uni_alnum,0,0,0,0,0,1,0,0,0,0,1
function@Perl_is_uni_alnumc,0,0,0,0,0,1,0,0,0,0,1
function@Perl_is_uni_alpha,0,0,0,0,0,1,0,0,0,0,1
function@Perl_is_uni_ascii,0,0,0,0,0,0,0,0,0,0,0
function@Perl_is_uni_blank,0,0,0,0,0,3,0,0,0,0,0.162268
function@Perl_is_uni_space,0,0,0,0,0,5,0,0,0,0,1.16536
function@Perl_is_uni_digit,0,0,0,0,0,1,0,0,0,0,1
function@Perl_is_uni_upper,0,0,0,0,0,1,0,0,0,0,1
function@Perl_is_uni_lower,0,0,0,0,0,1,0,0,0,0,1
function@Perl_is_uni_cntrl,0,0,0,0,0,1,0,0,0,0,0.5
function@Perl_is_uni_graph,0,0,0,0,0,1,0,0,0,0,1
function@Perl_is_uni_print,0,0,0,0,0,1,0,0,0,0,1
function@Perl_is_uni_punct,0,0,0,0,0,1,0,0,0,0,1
function@Perl_is_uni_xdigit,0,0,0,0,0,1,0,0,0,0,0.11811
function@Perl_is_uni_alnum_lc,0,0,0,0,0,3,0,0,0,0,1.74194
function@Perl_is_uni_alnumc_lc,0,0,0,0,0,3,0,0,0,0,1.74194
function@Perl_is_uni_idfirst_lc,0,0,0,0,0,3,0,0,0,0,1.74194
function@Perl_is_uni_alpha_lc,0,0,0,0,0,3,0,0,0,0,1.74194
function@Perl_is_uni_ascii_lc,0,0,0,0,0,0,0,0,0,0,0
function@Perl_is_uni_blank_lc,0,0,0,0,0,3,0,0,0,0,0.162268
function@Perl_is_uni_space_lc,0,0,0,0,0,6,0,0,0,0,1.41536
function@Perl_is_uni_digit_lc,0,0,0,0,0,3,0,0,0,0,1.74194
function@Perl_is_uni_idfirst,0,0,0,0,0,1,0,0,0,0,1
function@Perl_is_utf8_idfirst,0,0,0,0,0,0,0,0,0,0,0
function@Perl_is_utf8_xidfirst,0,0,0,0,0,0,0,0,0,0,0
function@Perl_is_utf8_idcont,0,0,0,0,0,0,0,0,0,0,0
function@Perl_is_utf8_xidcont,0,0,0,0,0,0,0,0,0,0,0
function@Perl_is_uni_upper_lc,0,0,0,0,0,3,0,0,0,0,1.74194
function@Perl_is_uni_lower_lc,0,0,0,0,0,3,0,0,0,0,1.74194
function@Perl_is_uni_cntrl_lc,0,0,0,0,0,2,0,0,0,0,1.5
function@Perl_is_uni_graph_lc,0,0,0,0,0,3,0,0,0,0,1.74194
function@Perl_is_uni_print_lc,0,0,0,0,0,3,0,0,0,0,1.74194
function@Perl_is_uni_punct_lc,0,0,0,0,0,3,0,0,0,0,1.74194
function@Perl_is_uni_xdigit_lc,0,0,0,0,0,3,0,0,0,0,1.3622
function@Perl_to_uni_upper_lc,0,0,0,0,0,0,0,0,0,0,0
function@Perl_to_uni_title_lc,0,0,0,0,0,0,0,0,0,0,0
function@Perl_to_uni_lower_lc,0,0,0,0,0,0,0,0,0,0,0
function@Perl_is_utf8_alnum,0,0,0,0,0,2,0,0,0,0,1.11504
function@Perl_is_utf8_alnumc,0,0,0,0,0,2,0,0,0,0,1.11504
function@Perl_is_utf8_alpha,0,0,0,0,0,2,0,0,0,0,1.11504
function@Perl_is_utf8_ascii,0,0,0,0,0,0,0,0,0,0,0
function@Perl_is_utf8_blank,0,0,0,0,0,5,0,0,0,0,0.226562
function@Perl_is_utf8_space,0,0,0,0,0,5,0,0,0,0,0.226562
function@Perl_is_utf8_perl_space,0,0,0,0,0,0,0,0,0,0,0
function@Perl_is_utf8_perl_word,0,0,0,0,0,0,0,0,0,0,0
function@Perl_is_utf8_digit,0,0,0,0,0,2,0,0,0,0,1.19048
function@Perl_is_utf8_posix_digit,0,0,0,0,0,0,0,0,0,0,0
function@Perl_is_utf8_upper,0,0,0,0,0,2,0,0,0,0,1.11504
function@Perl_is_utf8_lower,0,0,0,0,0,2,0,0,0,0,1.11504
function@Perl_is_utf8_cntrl,0,0,0,0,0,2,0,0,0,0,0.380952
function@Perl_is_utf8_graph,0,0,0,0,0,2,0,0,0,0,1.11504
function@Perl_is_utf8_print,0,0,0,0,0,2,0,0,0,0,1.11504
function@Perl_is_utf8_punct,0,0,0,0,0,2,0,0,0,0,1.11504
function@Perl_is_utf8_xdigit,0,0,0,0,0,2,0,0,0,0,0.243137
function@Perl_is_utf8_mark,0,0,0,0,0,0,0,0,0,0,0
function@Perl_is_utf8_char,0,0,0,0,0,8,0,0,0,0,0.408875
function@Perl_is_utf8_char_buf,0,0,0,0,0,9,0,0,0,0,0.6073
function@Perl_valid_utf8_to_uvuni,0,0,0,0,0,0,0,0,0,0,0
function@Perl_utf8_to_uvchr,0,0,0,0,0,4,0,0,0,0,4
function@Perl_utf8_to_uvuni,0,0,0,0,0,0,0,0,0,0,0
function@Perl_pad_compname_type,0,0,0,0,0,0,0,0,0,0,0
function@Perl_feature_is_enabled,0,0,0,0,0,4,0,0,0,0,3.5
function@Perl_lex_start,0,0,0,0,0,11,0,0,0,0,7.69531
function@Perl_parser_free,0,0,0,0,0,2,0,0,0,0,2
function@Perl_parser_free_nexttoke_ops,0,0,0,0,0,1,0,0,0,0,1
function@Perl_lex_bufutf8,0,0,0,0,0,0,0,0,0,0,0
function@Perl_lex_grow_linestr,0,0,0,0,0,4,0,0,0,0,3.5
function@Perl_lex_stuff_pvn,0,0,0,0,0,27,0,0,0,0,20.0188
function@Perl_lex_stuff_pv,0,0,0,0,0,6,0,0,0,0,6
function@Perl_lex_stuff_sv,0,0,0,0,0,3,0,0,0,0,2.5
function@Perl_lex_unstuff,0,0,0,0,0,3,0,0,0,0,2.28
function@Perl_lex_read_to,0,0,0,0,0,1,0,0,0,0,1
function@Perl_lex_discard_to,0,0,0,0,0,3,0,0,0,0,2.28
function@Perl_lex_next_chunk,4,0,0,2,0,23,0.59596,0,0.676768,0,4.85859
function@S_update_debugger_info,0,0,0,0,0,14,0,0,0,0,6.05
function@Perl_lex_peek_unichar,0,0,0,0,0,12,0,0,0,0,3.08467
function@Perl_lex_read_unichar,0,0,0,0,0,2,0,0,0,0,2
function@Perl_lex_read_space,0,0,0,0,0,27,0,0,0,0,1270.41
function@S_incline,5,0,0,2,0,23,0.000745177,0,0.00039959,0,0.154513
function@Perl_validate_proto,18,0,0,11,0,37,8.125,0,7.64062,0,37.8594
function@Perl_yyunlex,0,0,0,0,0,0,0,0,0,0,0
function@Perl_str_to_version,0,0,0,0,0,7,0,0,0,0,33
function@Perl_filter_add,7,0,0,4,0,3,3.14147,0,1.75194,0,1.07171
function@Perl_filter_del,0,0,0,0,0,1,0,0,0,0,1
function@Perl_filter_read,0,0,0,0,0,13,0,0,0,0,1.61431
function@Perl_yylex,283,0,0,126,0,921,1.35293,0,0.568516,0,8.84203
function@S_sublex_done,0,0,0,0,0,2,0,0,0,0,0.978022
function@S_force_ident,0,0,0,0,0,9,0,0,0,0,5.93827
function@S_intuit_more,4,0,0,1,0,25,0.454677,0,0.0322468,0,2.10584
function@S_tokeq,0,0,0,0,0,11,0,0,0,0,6.13043
function@S_scan_const,208,0,0,50,0,135,62.6372,0,31.9172,0,158.416
function@Perl_yyerror,0,0,0,0,0,4,0,0,0,0,4
function@S_swallow_bom,0,0,0,0,0,12,0,0,0,0,2.40721
function@S_force_word,0,0,0,0,0,27,0,0,0,0,9.00239
function@S_skipspace_flags,0,0,0,0,0,1,0,0,0,0,0.0769231
function@S_check_uni,0,0,0,0,0,2,0,0,0,0,1.33459
function@S_postderef,0,0,0,0,0,1,0,0,0,0,0.0941176
function@S_scan_ident,77,0,0,16,0,30,7.94879,0,3.00589,0,12.0189
function@S_force_ident_maybe_lex,0,0,0,0,0,0,0,0,0,0,0
function@S_scan_word,0,0,0,0,0,2,0,0,0,0,2
function@S_scan_str,67,0,0,24,0,38,933.098,0,296.38,0,320.326
function@S_scan_heredoc,87,0,0,31,0,34,73.1319,0,15.2922,0,22.2854
function@S_scan_inputsymbol,0,0,0,0,0,50,0,0,0,0,17.8744
function@S_sublex_start,0,0,0,0,0,7,0,0,0,0,2.16667
function@S_no_op,0,0,0,0,0,13,0,0,0,0,9.51601
function@S_check_scalar_slice,0,0,0,0,0,4,0,0,0,0,9.45051
function@S_scan_pat,0,0,0,0,0,8,0,0,0,0,35.2343
function@Perl_scan_num,35,0,0,27,0,90,8.80243,0,5.82852,0,155.078
function@S_missingterm,0,0,0,0,0,5,0,0,0,0,4.625
function@S_newSV_maybe_utf8,0,0,0,0,0,12,0,0,0,0,5.56989
function@S_intuit_method,0,0,0,0,0,28,0,0,0,0,6.68072
function@S_strip_spaces,0,0,0,0,0,4,0,0,0,0,23.2857
function@S_lop,0,0,0,0,0,1,0,0,0,0,0.0144404
function@S_find_in_my_stash,0,0,0,0,0,9,0,0,0,0,5.39103
function@Perl_yyerror_pv,0,0,0,0,0,6,0,0,0,0,6
function@S_tokenize_use,0,0,0,0,0,15,0,0,0,0,7.19239
function@S_checkcomma,0,0,0,0,0,20,0,0,0,0,6.85138
function@S_force_strict_version,0,0,0,0,0,12,0,0,0,0,38.6084
function@S_force_version,0,0,0,0,0,15,0,0,0,0,12.5831
function@S_scan_subst,0,0,0,0,0,12,0,0,0,0,62.6171
function@S_scan_trans,0,0,0,0,0,13,0,0,0,0,225.5
function@S_new_constant,13,0,0,7,0,36,1.95024,0,3.341,0,12.6872
function@Perl_scan_vstring,17,0,0,2,0,15,21.9598,0,2,0,46.0577
function@Perl_start_subparse,0,0,0,0,0,5,0,0,0,0,5
function@Perl_yyerror_pvn,0,0,0,0,0,36,0,0,0,0,13.4656
function@Perl_keyword_plugin_standard,0,0,0,0,0,0,0,0,0,0,0
function@Perl_parse_arithexpr,0,0,0,0,0,2,0,0,0,0,1.18584
function@Perl_parse_termexpr,0,0,0,0,0,2,0,0,0,0,1.18584
function@Perl_parse_listexpr,0,0,0,0,0,2,0,0,0,0,1.18584
function@Perl_parse_fullexpr,0,0,0,0,0,2,0,0,0,0,1.18584
function@Perl_parse_block,0,0,0,0,0,0,0,0,0,0,0
function@S_parse_recdescent_for_op,0,0,0,0,0,5,0,0,0,0,5
function@Perl_parse_barestmt,0,0,0,0,0,0,0,0,0,0,0
function@Perl_parse_label,0,0,0,0,0,6,0,0,0,0,1.36024
function@Perl_parse_fullstmt,0,0,0,0,0,0,0,0,0,0,0
function@Perl_parse_stmtseq,0,0,0,0,0,2,0,0,0,0,2
function@Perl_parse_subsignature,18,0,0,10,0,152,96.7703,0,42.9459,0,670298
function@S_parse_opt_lexvar,0,0,0,0,0,11,0,0,0,0,3
function@S_parse_ident,16,0,0,2,0,12,539.731,0,2,0,67.5769
function@S_pmflag,0,0,0,0,0,25,0,0,0,0,7.9854
function@S_add_utf16_textfilter,0,0,0,0,0,5,0,0,0,0,5
function@S_utf16_textfilter,2,0,0,1,0,18,0.916001,0,1,0,43.838
function@Perl_cast_ulong,0,0,0,0,0,2,0,0,0,0,2
function@Perl_cast_i32,0,0,0,0,0,3,0,0,0,0,3
function@Perl_cast_iv,0,0,0,0,0,3,0,0,0,0,3
function@Perl_cast_uv,0,0,0,0,0,2,0,0,0,0,2
function@Perl_grok_bin,1,0,0,1,0,25,0.111111,0,0.351852,0,17.2852
function@Perl_grok_hex,1,0,0,1,0,28,0.11254,0,0.353698,0,18.7363
function@Perl_grok_oct,0,0,0,0,0,24,0,0,0,0,17.6492
function@Perl_scan_bin,0,0,0,0,0,1,0,0,0,0,1
function@Perl_scan_oct,0,0,0,0,0,1,0,0,0,0,1
function@Perl_scan_hex,0,0,0,0,0,1,0,0,0,0,1
function@Perl_grok_numeric_radix,0,0,0,0,0,3,0,0,0,0,1.74194
function@Perl_grok_infnan,0,0,0,0,0,33,0,0,0,0,5.3721
function@Perl_grok_number_flags,0,0,0,0,0,18,0,0,0,0,4.93614
function@Perl_grok_number,0,0,0,0,0,0,0,0,0,0,0
function@Perl_grok_atoUV,0,0,0,0,0,9,0,0,0,0,4.19472
function@Perl_my_atof,0,0,0,0,0,0,0,0,0,0,0
function@Perl_my_atof2,0,0,0,0,0,59,0,0,0,0,122.462
function@Perl_isinfnan,0,0,0,0,0,1,0,0,0,0,1
function@Perl_isinfnansv,0,0,0,0,0,2,0,0,0,0,0.625
function@Perl_mg_magical,0,0,0,0,0,0,0,0,0,0,0
function@Perl_mg_get,21,0,0,10,0,10,71.5846,0,20.3846,0,25.1385
function@Perl_magic_setutf8,0,0,0,0,0,1,0,0,0,0,1
function@S_restore_magic,0,0,0,0,0,2,0,0,0,0,0.257511
function@Perl_mg_set,0,0,0,0,0,6,0,0,0,0,25.9048
function@Perl_mg_length,0,0,0,0,0,7,0,0,0,0,3.35158
function@Perl_mg_size,0,0,0,0,0,8,0,0,0,0,2.75
function@Perl_mg_clear,0,0,0,0,0,5,0,0,0,0,32.5
function@Perl_mg_find,0,0,0,0,0,3,0,0,0,0,0.780488
function@Perl_mg_findext,0,0,0,0,0,3,0,0,0,0,0.85
function@Perl_mg_find_mglob,0,0,0,0,0,5,0,0,0,0,2.02439
function@Perl_vivify_defelem,0,0,0,0,0,10,0,0,0,0,1.22529
function@Perl_mg_copy,0,0,0,0,0,19,0,0,0,0,63.381
function@Perl_mg_localize,0,0,0,0,0,8,0,0,0,0,13.7117
function@Perl_mg_free,0,0,0,0,0,3,0,0,0,0,41.5714
function@S_mg_free_struct,0,0,0,0,0,3,0,0,0,0,2.39216
function@Perl_mg_free_type,0,0,0,0,0,8,0,0,0,0,62.7941
function@Perl_magic_regdata_cnt,0,0,0,0,0,1,0,0,0,0,1.79018
function@Perl_magic_regdatum_get,0,0,0,0,0,3,0,0,0,0,1.85261
function@Perl_magic_regdatum_set,0,0,0,0,0,0,0,0,0,0,0
function@Perl_emulate_cop_io,0,0,0,0,0,9,0,0,0,0,4.92
function@Perl__get_encoding,0,0,0,0,0,6,0,0,0,0,1.45055
function@Perl_magic_get,0,0,0,0,0,85,0,0,0,0,3.34604
function@S_fixup_errno_string,0,0,0,0,0,2,0,0,0,0,1.37255
function@Perl_magic_getuvar,0,0,0,0,0,1,0,0,0,0,1
function@Perl_magic_setenv,0,0,0,0,0,15,0,0,0,0,10.6023
function@Perl_magic_clearenv,0,0,0,0,0,0,0,0,0,0,0
function@Perl_magic_set_all_env,0,0,0,0,0,14,0,0,0,0,121.625
function@Perl_magic_clear_all_env,0,0,0,0,0,0,0,0,0,0,0
function@Perl_magic_getsig,0,0,0,0,0,13,0,0,0,0,15.9128
function@Perl_whichsig_pvn,0,0,0,0,0,7,0,0,0,0,36.321
function@Perl_magic_clearsig,0,0,0,0,0,4,0,0,0,0,4
function@Perl_magic_setsig,0,0,0,0,0,31,0,0,0,0,11.5502
function@Perl_csighandler,0,0,0,0,0,0,0,0,0,0,0
function@Perl_despatch_signals,0,0,0,0,0,15,0,0,0,0,9.28571
function@Perl_magic_setisa,0,0,0,0,0,0,0,0,0,0,0
function@Perl_magic_clearisa,0,0,0,0,0,1,0,0,0,0,1
function@Perl_magic_getnkeys,0,0,0,0,0,8,0,0,0,0,6.68675
function@Perl_magic_setnkeys,0,0,0,0,0,2,0,0,0,0,0.96
function@Perl_magic_methcall,0,0,0,0,0,22,0,0,0,0,25.6562
function@Perl_magic_getpack,0,0,0,0,0,7,0,0,0,0,6
function@Perl_magic_setpack,0,0,0,0,0,14,0,0,0,0,7.39826
function@S_magic_methcall1,0,0,0,0,0,22,0,0,0,0,13.0952
function@Perl_magic_clearpack,0,0,0,0,0,7,0,0,0,0,4
function@Perl_magic_sizepack,0,0,0,0,0,7,0,0,0,0,5.72
function@Perl_magic_wipepack,0,0,0,0,0,5,0,0,0,0,4.38095
function@Perl_magic_nextpack,0,0,0,0,0,13,0,0,0,0,7.5
function@Perl_magic_existspack,0,0,0,0,0,7,0,0,0,0,6
function@Perl_magic_scalarpack,0,0,0,0,0,12,0,0,0,0,5.44118
function@Perl_magic_setdbline,0,0,0,0,0,6,0,0,0,0,4.06632
function@Perl_magic_getarylen,0,0,0,0,0,4,0,0,0,0,2.32
function@Perl_magic_setarylen,0,0,0,0,0,2,0,0,0,0,0.96
function@Perl_magic_cleararylen_p,0,0,0,0,0,0,0,0,0,0,0
function@Perl_magic_freearylen_p,0,0,0,0,0,0,0,0,0,0,0
function@Perl_magic_getpos,0,0,0,0,0,7,0,0,0,0,3.27907
function@Perl_magic_setpos,0,0,0,0,0,11,0,0,0,0,4.17659
function@Perl_magic_getsubstr,0,0,0,0,0,12,0,0,0,0,4.14062
function@Perl_magic_setsubstr,0,0,0,0,0,24,0,0,0,0,8.625
function@Perl_magic_gettaint,0,0,0,0,0,0,0,0,0,0,0
function@Perl_magic_settaint,0,0,0,0,0,0,0,0,0,0,0
function@Perl_magic_getvec,0,0,0,0,0,3,0,0,0,0,3
function@Perl_magic_setvec,0,0,0,0,0,0,0,0,0,0,0
function@Perl_defelem_target,0,0,0,0,0,11,0,0,0,0,3.68213
function@Perl_magic_getdefelem,0,0,0,0,0,4,0,0,0,0,4
function@Perl_magic_setdefelem,0,0,0,0,0,3,0,0,0,0,2.28
function@Perl_magic_killbackrefs,0,0,0,0,0,0,0,0,0,0,0
function@Perl_magic_setmglob,0,0,0,0,0,0,0,0,0,0,0
function@Perl_magic_setuvar,0,0,0,0,0,1,0,0,0,0,1
function@Perl_magic_setregexp,0,0,0,0,0,0,0,0,0,0,0
function@Perl_magic_setlvref,0,0,0,0,0,8,0,0,0,0,3.1811
function@Perl_magic_set,0,0,0,0,0,95,0,0,0,0,2.6766
function@Perl_whichsig_sv,0,0,0,0,0,6,0,0,0,0,34.8092
function@Perl_whichsig_pv,0,0,0,0,0,8,0,0,0,0,37.321
function@Perl_sighandler,10,0,0,3,0,15,5.06266,0,3,0,4.15211
function@S_unwind_handler_stack,0,0,0,0,0,0,0,0,0,0,0
function@Perl_magic_sethint,0,0,0,0,0,6,0,0,0,0,4.5
function@Perl_magic_clearhint,0,0,0,0,0,2,0,0,0,0,1
function@Perl_magic_clearhints,0,0,0,0,0,0,0,0,0,0,0
function@Perl_magic_copycallchecker,0,0,0,0,0,6,0,0,0,0,3.78431
function@Perl_magic_setdebugvar,0,0,0,0,0,2,0,0,0,0,1.5
function@Perl_magic_getdebugvar,0,0,0,0,0,0,0,0,0,0,0
function@Perl_pp_backtick,0,0,0,0,0,32,0,0,0,0,53.8711
function@Perl_pp_glob,0,0,0,0,0,17,0,0,0,0,2.99023
function@Perl_pp_rcatline,0,0,0,0,0,0,0,0,0,0,0
function@Perl_pp_warn,0,0,0,0,0,21,0,0,0,0,3.85938
function@Perl_pp_die,0,0,0,0,0,19,0,0,0,0,3.32697
function@Perl_tied_method,4,0,0,2,0,21,3.5,0,2,0,18
function@Perl_pp_open,0,0,0,0,0,13,0,0,0,0,2.90051
function@Perl_pp_close,0,0,0,0,0,9,0,0,0,0,1.75313
function@Perl_pp_pipe_op,0,0,0,0,0,0,0,0,0,0,0
function@Perl_pp_fileno,0,0,0,0,0,9,0,0,0,0,1.76556
function@Perl_pp_umask,0,0,0,0,0,3,0,0,0,0,1.125
function@Perl_pp_binmode,0,0,0,0,0,20,0,0,0,0,2.02937
function@Perl_pp_tie,7,0,0,2,0,30,1.73639,0,1.23209,0,7.63037
function@Perl_pp_untie,0,0,0,0,0,17,0,0,0,0,5.03557
function@Perl_pp_tied,0,0,0,0,0,5,0,0,0,0,1.20952
function@Perl_pp_dbmopen,0,0,0,0,0,13,0,0,0,0,6.4557
function@Perl_pp_sselect,14,0,0,9,0,32,10.6562,0,4.15625,0,12.9687
function@Perl_setdefout,0,0,0,0,0,1,0,0,0,0,1
function@Perl_pp_select,0,0,0,0,0,13,0,0,0,0,4.13148
function@Perl_pp_getc,0,0,0,0,0,24,0,0,0,0,4.89695
function@Perl_pp_enterwrite,0,0,0,0,0,6,0,0,0,0,0.442529
function@S_doform,0,0,0,0,0,6,0,0,0,0,4.96
function@Perl_pp_leavewrite,0,0,0,0,0,20,0,0,0,0,3.31057
function@Perl_pp_prtf,0,0,0,0,0,23,0,0,0,0,4.25758
function@Perl_pp_sysopen,0,0,0,0,0,6,0,0,0,0,4.19531
function@Perl_pp_sysread,73,0,0,20,0,39,12.0548,0,4.71764,0,5.89517
function@Perl_pp_syswrite,26,0,0,8,0,52,0.239503,0,0.435218,0,4.68773
function@Perl_pp_eof,0,0,0,0,0,27,0,0,0,0,2.90085
function@Perl_pp_tell,0,0,0,0,0,14,0,0,0,0,4.07726
function@Perl_pp_sysseek,0,0,0,0,0,19,0,0,0,0,4.31127
function@Perl_pp_truncate,0,0,0,0,0,14,0,0,0,0,3.83916
function@Perl_pp_ioctl,0,0,0,0,0,19,0,0,0,0,4.87793
function@Perl_pp_flock,0,0,0,0,0,0,0,0,0,0,0
function@Perl_pp_sockpair,0,0,0,0,0,0,0,0,0,0,0
function@Perl_pp_stat,0,0,0,0,0,31,0,0,0,0,4.14507
function@Perl_pp_ftrread,0,0,0,0,0,10,0,0,0,0,2.908
function@S_try_amagic_ftest,0,0,0,0,0,14,0,0,0,0,3.60913
function@S_ft_return_false,0,0,0,0,0,3,0,0,0,0,2.2381
function@S_ft_return_true,0,0,0,0,0,2,0,0,0,0,1.25
function@Perl_pp_ftis,0,0,0,0,0,15,0,0,0,0,2.00154
function@Perl_pp_ftrowned,0,0,0,0,0,4,0,0,0,0,1.22368
function@Perl_pp_ftlink,0,0,0,0,0,5,0,0,0,0,1.504
function@Perl_pp_fttty,0,0,0,0,0,15,0,0,0,0,3.12903
function@Perl_pp_fttext,0,0,0,0,0,45,0,0,0,0,5.49178
function@Perl_pp_chdir,0,0,0,0,0,20,0,0,0,0,4.48352
function@Perl_pp_chown,0,0,0,0,0,6,0,0,0,0,4
function@Perl_pp_chroot,0,0,0,0,0,0,0,0,0,0,0
function@Perl_pp_rename,0,0,0,0,0,13,0,0,0,0,4.80578
function@Perl_pp_link,0,0,0,0,0,0,0,0,0,0,0
function@Perl_pp_readlink,0,0,0,0,0,1,0,0,0,0,0.5
function@Perl_pp_mkdir,0,0,0,0,0,12,0,0,0,0,10.0088
function@Perl_pp_rmdir,0,0,0,0,0,10,0,0,0,0,8.81349
function@Perl_pp_open_dir,0,0,0,0,0,0,0,0,0,0,0
function@Perl_pp_readdir,0,0,0,0,0,0,0,0,0,0,0
function@Perl_pp_telldir,0,0,0,0,0,0,0,0,0,0,0
function@Perl_pp_seekdir,0,0,0,0,0,0,0,0,0,0,0
function@Perl_pp_rewinddir,0,0,0,0,0,0,0,0,0,0,0
function@Perl_pp_closedir,0,0,0,0,0,0,0,0,0,0,0
function@Perl_pp_fork,0,0,0,0,0,5,0,0,0,0,2.64706
function@Perl_pp_wait,0,0,0,0,0,6,0,0,0,0,3.5
function@Perl_pp_waitpid,0,0,0,0,0,9,0,0,0,0,20.746
function@Perl_pp_system,0,0,0,0,0,24,0,0,0,0,18.6982
function@Perl_pp_exec,0,0,0,0,0,9,0,0,0,0,4.42857
function@Perl_pp_getppid,0,0,0,0,0,0,0,0,0,0,0
function@Perl_pp_getpgrp,0,0,0,0,0,0,0,0,0,0,0
function@Perl_pp_setpgrp,0,0,0,0,0,0,0,0,0,0,0
function@Perl_pp_getpriority,0,0,0,0,0,0,0,0,0,0,0
function@Perl_pp_setpriority,0,0,0,0,0,0,0,0,0,0,0
function@Perl_pp_time,0,0,0,0,0,6,0,0,0,0,4
function@Perl_pp_tms,0,0,0,0,0,0,0,0,0,0,0
function@Perl_pp_gmtime,0,0,0,0,0,28,0,0,0,0,6.81726
function@S_gmtime64_r,0,0,0,0,0,11,0,0,0,0,19.6813
function@Perl_pp_alarm,0,0,0,0,0,0,0,0,0,0,0
function@Perl_pp_sleep,0,0,0,0,0,7,0,0,0,0,4.19531
function@Perl_pp_shmwrite,0,0,0,0,0,0,0,0,0,0,0
function@Perl_pp_semget,0,0,0,0,0,0,0,0,0,0,0
function@Perl_pp_semctl,0,0,0,0,0,0,0,0,0,0,0
function@Perl_pp_ghostent,0,0,0,0,0,0,0,0,0,0,0
function@Perl_pp_gnetent,0,0,0,0,0,0,0,0,0,0,0
function@Perl_pp_gprotoent,0,0,0,0,0,0,0,0,0,0,0
function@Perl_pp_gservent,0,0,0,0,0,0,0,0,0,0,0
function@Perl_pp_shostent,0,0,0,0,0,0,0,0,0,0,0
function@Perl_pp_ehostent,0,0,0,0,0,1,0,0,0,0,0.0559441
function@Perl_pp_gpwent,0,0,0,0,0,0,0,0,0,0,0
function@Perl_pp_ggrent,0,0,0,0,0,0,0,0,0,0,0
function@Perl_pp_getlogin,0,0,0,0,0,0,0,0,0,0,0
function@Perl_pp_syscall,0,0,0,0,0,0,0,0,0,0,0
function@Perl_sortsv,0,0,0,0,0,0,0,0,0,0,0
function@Perl_sortsv_flags,432,6,0,147,0,205,227591,2271.12,11493.5,0,120476
function@Perl_pp_sort,69,0,0,34,0,42,25.7008,0,16.6889,0,15.703
function@S_sortcv_xsub,1,0,0,1,0,9,1,0,1,0,6.90476
function@S_sortcv_stacked,2,0,0,2,0,6,2,0,2,0,4
function@S_sortcv,1,0,0,1,0,6,1,0,1,0,2.4375
function@S_amagic_i_ncmp,0,0,0,0,0,7,0,0,0,0,3.74771
function@S_sv_i_ncmp,0,0,0,0,0,3,0,0,0,0,2
function@S_amagic_ncmp,0,0,0,0,0,6,0,0,0,0,4.17431
function@S_sv_ncmp,0,0,0,0,0,5,0,0,0,0,2.03226
function@S_amagic_cmp,0,0,0,0,0,6,0,0,0,0,4.17431
function@cmp_desc,0,0,0,0,0,0,0,0,0,0,0
function@Perl_pp_wantarray,0,0,0,0,0,4,0,0,0,0,6.43284
function@Perl_caller_cx,0,0,0,0,0,6,0,0,0,0,254.576
function@Perl_pp_regcreset,0,0,0,0,0,0,0,0,0,0,0
function@Perl_pp_regcomp,0,0,0,0,0,11,0,0,0,0,6.89062
function@Perl_pp_substcont,68,0,0,6,0,32,23.2299,0,5.14646,0,5.52598
function@Perl_rxres_save,0,0,0,0,0,4,0,0,0,0,3.48
function@Perl_pp_formline,156,23,0,95,0,137,5616.93,433.47,2937.42,0,2503.8
function@Perl_pp_grepstart,0,0,0,0,0,7,0,0,0,0,2.42305
function@Perl_block_gimme,0,0,0,0,0,2,0,0,0,0,7.91667
function@Perl_pp_mapwhile,13,0,0,5,0,25,9.64103,0,9.32845,0,6.76068
function@Perl_pp_range,0,0,0,0,0,1,0,0,0,0,2.6087
function@Perl_pp_flip,0,0,0,0,0,10,0,0,0,0,3.78399
function@Perl_pp_flop,0,0,0,0,0,41,0,0,0,0,7.75118
function@Perl_dowantarray,0,0,0,0,0,2,0,0,0,0,7.91667
function@Perl_is_lvalue_sub,0,0,0,0,0,2,0,0,0,0,8.54688
function@Perl_was_lvalue_sub,0,0,0,0,0,2,0,0,0,0,8.54688
function@Perl_dounwind,0,0,0,0,0,9,0,0,0,0,14.0696
function@Perl_qerror,0,0,0,0,0,6,0,0,0,0,2.27941
function@Perl_die_unwind,13,0,0,1,0,9,2.25086,0,1,0,412.557
function@Perl_pp_xor,0,0,0,0,0,13,0,0,0,0,2.51477
function@Perl_pp_caller,0,0,0,0,0,34,0,0,0,0,8.96538
function@Perl_pp_reset,0,0,0,0,0,4,0,0,0,0,1.21875
function@Perl_pp_dbstate,0,0,0,0,0,4,0,0,0,0,0.0555829
function@Perl_pp_enter,0,0,0,0,0,4,0,0,0,0,4.00446
function@Perl_pp_leave,0,0,0,0,0,2,0,0,0,0,2
function@S_leave_common,0,0,0,0,0,6,0,0,0,0,4.16422
function@Perl_pp_enteriter,0,0,0,0,0,31,0,0,0,0,6.83908
function@Perl_pp_enterloop,0,0,0,0,0,4,0,0,0,0,4.00446
function@Perl_pp_leaveloop,0,0,0,0,0,0,0,0,0,0,0
function@Perl_pp_return,12,0,0,11,0,26,0.207483,0,0.198889,0,9.80709
function@S_return_lvalues,48,0,0,9,0,17,16.0723,0,7.62757,0,3.85728
function@Perl_pp_leavesublv,0,0,0,0,0,6,0,0,0,0,2.10588
function@Perl_pp_last,0,0,0,0,0,6,0,0,0,0,1.14076
function@S_unwind_loop,16,0,0,14,0,19,12.3,0,11.5411,0,24.7943
function@Perl_pp_next,0,0,0,0,0,0,0,0,0,0,0
function@Perl_pp_redo,0,0,0,0,0,1,0,0,0,0,1
function@Perl_pp_goto,75,0,0,19,0,61,4.59215,0,4.27573,0,15.4342
function@S_dofindlabel,0,0,0,0,0,33,0,0,0,0,34.9891
function@Perl_pp_exit,0,0,0,0,0,2,0,0,0,0,0.6
function@Perl_find_runcv,0,0,0,0,0,1,0,0,0,0,1
function@Perl_find_runcv_where,0,0,0,0,0,4,0,0,0,0,12.0583
function@Perl_pp_require,65,0,0,42,0,147,2.26118,0,2.68149,0,11.5268
function@S_doopen_pm,0,0,0,0,0,14,0,0,0,0,4.44434
function@S_run_user_filter,24,0,0,7,0,59,5.668,0,4.48456,0,14.5174
function@S_doeval,6,0,0,4,0,33,2.87363,0,2.625,0,28.114
function@S_docatch,0,0,0,0,0,11,0,0,0,0,6
function@Perl_pp_hintseval,0,0,0,0,0,3,0,0,0,0,1.5
function@Perl_pp_entereval,25,0,0,22,0,37,36.0846,0,24.3507,0,67.0062
function@Perl_pp_leaveeval,15,0,0,4,0,4,3.63639,0,2.433,0,1.47282
function@Perl_delete_eval_scope,0,0,0,0,0,0,0,0,0,0,0
function@Perl_create_eval_scope,0,0,0,0,0,10,0,0,0,0,6.66071
function@Perl_pp_entertry,0,0,0,0,0,1,0,0,0,0,0.619048
function@Perl_pp_leavetry,0,0,0,0,0,8,0,0,0,0,5.55556
function@Perl_pp_entergiven,0,0,0,0,0,4,0,0,0,0,4.00446
function@Perl_pp_leavegiven,0,0,0,0,0,2,0,0,0,0,2
function@Perl_pp_smartmatch,0,0,0,0,0,0,0,0,0,0,0
function@S_do_smartmatch,9,0,0,3,0,130,0.143663,0,0.013384,0,8.16716
function@Perl_pp_enterwhen,0,0,0,0,0,4,0,0,0,0,3.52236
function@Perl_pp_leavewhen,0,0,0,0,0,4,0,0,0,0,1.43
function@Perl_pp_continue,0,0,0,0,0,2,0,0,0,0,10.54
function@Perl_pp_break,0,0,0,0,0,3,0,0,0,0,10.78
function@S_check_type_and_open,0,0,0,0,0,8,0,0,0,0,3.35677
function@S_try_yyparse,0,0,0,0,0,8,0,0,0,0,4.5
function@S_make_matcher,0,0,0,0,0,5,0,0,0,0,5
function@S_matcher_matches_sv,0,0,0,0,0,8,0,0,0,0,2.58649
function@S_destroy_matcher,0,0,0,0,0,0,0,0,0,0,0
function@Perl_yyparse,138,0,0,26,0,387,36.6676,0,9.98485,0,16.1865
function@S_clear_yystack,0,0,0,0,0,3,0,0,0,0,1.76471
function@Perl_sys_init,0,0,0,0,0,0,0,0,0,0,0
function@Perl_sys_init3,0,0,0,0,0,0,0,0,0,0,0
function@Perl_sys_term,0,0,0,0,0,0,0,0,0,0,0
function@perl_alloc,0,0,0,0,0,0,0,0,0,0,0
function@perl_construct,0,0,0,0,0,8,0,0,0,0,8
function@Perl_init_stacks,0,0,0,0,0,0,0,0,0,0,0
function@Perl_nothreadhook,0,0,0,0,0,0,0,0,0,0,0
function@perl_destruct,2,0,0,1,0,128,0.46875,0,0.234375,0,392.836
function@Perl_call_list,6,0,0,2,0,33,39.0238,0,31.9991,0,291.713
function@perl_free,0,0,0,0,0,0,0,0,0,0,0
function@Perl_call_atexit,0,0,0,0,0,2,0,0,0,0,2
function@perl_parse,35,0,0,14,0,389,2.26228,0,3.25142,0,459.113
function@S_init_postdump_symbols,0,0,0,0,0,20,0,0,0,0,39.8965
function@perl_run,0,0,0,0,0,22,0,0,0,0,4.57031
function@Perl_get_sv,0,0,0,0,0,1,0,0,0,0,0.380952
function@Perl_get_av,0,0,0,0,0,4,0,0,0,0,3.14286
function@Perl_get_hv,0,0,0,0,0,4,0,0,0,0,3.14286
function@Perl_get_cvn_flags,0,0,0,0,0,4,0,0,0,0,2.27473
function@Perl_get_cv,0,0,0,0,0,9,0,0,0,0,6.79121
function@Perl_call_argv,0,0,0,0,0,13,0,0,0,0,59.4762
function@Perl_call_pv,0,0,0,0,0,8,0,0,0,0,7.7619
function@Perl_call_sv,0,0,0,0,0,30,0,0,0,0,8.77024
function@Perl_call_method,0,0,0,0,0,6,0,0,0,0,5
function@S_my_exit_jump,0,0,0,0,0,0,0,0,0,0,0
function@Perl_eval_sv,0,0,0,0,0,26,0,0,0,0,11.4129
function@Perl_eval_pv,0,0,0,0,0,9,0,0,0,0,4.87595
function@Perl_require_pv,0,0,0,0,0,2,0,0,0,0,2
function@Perl_moreswitches,0,0,0,0,0,72,0,0,0,0,5.68557
function@Perl_init_debugger,0,0,0,0,0,3,0,0,0,0,3
function@S_usage,0,0,0,0,0,7,0,0,0,0,7
function@S_incpush,0,0,0,0,0,40,0,0,0,0,46.6953
function@S_minus_v,0,0,0,0,0,7,0,0,0,0,6.48387
function@Perl_my_unexec,0,0,0,0,0,0,0,0,0,0,0
function@Perl_doing_taint,0,0,0,0,0,7,0,0,0,0,6.5914
function@Perl_init_dbargs,0,0,0,0,0,2,0,0,0,0,0.72549
function@Perl_populate_isa,0,0,0,0,0,6,0,0,0,0,70.125
function@Perl_init_argv_symbols,0,0,0,0,0,10,0,0,0,0,48.9381
function@Perl_my_exit,0,0,0,0,0,2,0,0,0,0,1.16667
function@Perl_my_failure_exit,0,0,0,0,0,0,0,0,0,0,0
function@Perl_xs_boot_epilog,0,0,0,0,0,1,0,0,0,0,1
function@S_Internals_V,0,0,0,0,0,3,0,0,0,0,1.5
function@read_e_script,0,0,0,0,0,6,0,0,0,0,4.2381
function@S_incpush_use_sep,0,0,0,0,0,16,0,0,0,0,106.235
function@Perl_free_tied_hv_pool,0,0,0,0,0,1,0,0,0,0,21.25
function@Perl_hv_common_key_len,0,0,0,0,0,5,0,0,0,0,5
function@Perl_hv_common,89,0,0,27,0,171,4.10316,0,4.88646,0,11.067
function@S_new_he,0,0,0,0,0,0,0,0,0,0,0
function@S_share_hek_flags,10,0,0,3,0,13,8.78125,0,3,0,17.2708
function@Perl_unshare_hek,0,0,0,0,0,0,0,0,0,0,0
function@Perl_hv_placeholders_p,0,0,0,0,0,4,0,0,0,0,2.51786
function@S_hv_notallowed,0,0,0,0,0,11,0,0,0,0,9
function@S_save_hek_flags,0,0,0,0,0,10,0,0,0,0,9.5
function@Perl_hv_placeholders_get,0,0,0,0,0,1,0,0,0,0,0.380952
function@S_clear_placeholders,0,0,0,0,0,12,0,0,0,0,84.5898
function@S_hsplit,0,0,0,0,0,9,0,0,0,0,145.016
function@Perl_hv_scalar,0,0,0,0,0,16,0,0,0,0,5.14646
function@Perl_hv_fill,0,0,0,0,0,6,0,0,0,0,2.54412
function@Perl_hv_ksplit,0,0,0,0,0,6,0,0,0,0,10.4294
function@Perl_newHVhv,71,0,0,18,0,30,936.792,0,310.373,0,727.453
function@Perl_hv_iterinit,0,0,0,0,0,3,0,0,0,0,1.73016
function@Perl_hv_iternext_flags,0,0,0,0,0,25,0,0,0,0,10.9863
function@Perl_hv_iterval,0,0,0,0,0,9,0,0,0,0,4.43137
function@Perl_hv_riter_set,0,0,0,0,0,1,0,0,0,0,1
function@Perl_hv_eiter_set,0,0,0,0,0,1,0,0,0,0,1
function@Perl_hv_copy_hints_hv,0,0,0,0,0,37,0,0,0,0,167.137
function@Perl_hv_free_ent,0,0,0,0,0,5,0,0,0,0,1.79012
function@Perl_hv_delayfree_ent,0,0,0,0,0,4,0,0,0,0,3.25
function@Perl_hv_clear,0,0,0,0,0,11,0,0,0,0,245.634
function@Perl_hv_iterkeysv,0,0,0,0,0,0,0,0,0,0,0
function@Perl_hv_placeholders_set,0,0,0,0,0,5,0,0,0,0,3.46154
function@Perl_hv_clear_placeholders,0,0,0,0,0,3,0,0,0,0,1.84375
function@Perl_hfree_next_entry,0,0,0,0,0,8,0,0,0,0,4.09766
function@Perl_hv_undef_flags,0,0,0,0,0,24,0,0,0,0,57.5319
function@Perl_hv_name_set,0,0,0,0,0,16,0,0,0,0,8.02749
function@S_hv_auxinit,0,0,0,0,0,3,0,0,0,0,2.1875
function@Perl_hv_riter_p,0,0,0,0,0,0,0,0,0,0,0
function@Perl_hv_eiter_p,0,0,0,0,0,0,0,0,0,0,0
function@Perl_hv_rand_set,0,0,0,0,0,1,0,0,0,0,1
function@S_unshare_hek_or_pvn,3,0,0,3,0,15,1.38295,0,0.6875,0,31.1569
function@Perl_share_hek,0,0,0,0,0,7,0,0,0,0,5.14648
function@Perl_hv_ename_add,15,0,0,4,0,37,7.34364,0,2.23368,0,22.3402
function@Perl_hv_ename_delete,16,0,0,4,0,40,2.76266,0,0.806867,0,7.19957
function@Perl_hv_backreferences_p,0,0,0,0,0,0,0,0,0,0,0
function@Perl_hv_kill_backrefs,0,0,0,0,0,2,0,0,0,0,0.392157
function@Perl_hv_iterkey,0,0,0,0,0,1,0,0,0,0,1
function@Perl_hv_iternextsv,0,0,0,0,0,13,0,0,0,0,7.27344
function@Perl_unsharepvn,0,0,0,0,0,4,0,0,0,0,4
function@Perl_refcounted_he_chain_2hv,18,0,0,4,0,3,160.476,0,22.9048,0,31.7143
function@S_refcounted_he_value,0,0,0,0,0,2,0,0,0,0,1.14286
function@Perl_refcounted_he_fetch_pvn,0,0,0,0,0,24,0,0,0,0,20.8957
function@Perl_refcounted_he_fetch_pv,0,0,0,0,0,10,0,0,0,0,10
function@Perl_refcounted_he_fetch_sv,0,0,0,0,0,10,0,0,0,0,7.30469
function@Perl_refcounted_he_new_pvn,6,0,0,6,0,31,2.29201,0,2.61124,0,16.5317
function@Perl_refcounted_he_new_pv,0,0,0,0,0,12,0,0,0,0,12
function@Perl_refcounted_he_new_sv,0,0,0,0,0,12,0,0,0,0,9.30469
function@Perl_refcounted_he_free,0,0,0,0,0,3,0,0,0,0,21.8333
function@Perl_refcounted_he_inc,0,0,0,0,0,0,0,0,0,0,0
function@Perl_cop_fetch_label,0,0,0,0,0,4,0,0,0,0,0.882353
function@Perl_cop_store_label,0,0,0,0,0,7,0,0,0,0,7
function@Perl_gv_add_by_type,0,0,0,0,0,7,0,0,0,0,3.81938
function@Perl_gv_fetchfile,0,0,0,0,0,4,0,0,0,0,4
function@Perl_gv_fetchfile_flags,0,0,0,0,0,20,0,0,0,0,8.70563
function@Perl_gv_init_pvn,5,0,0,5,0,38,2.54625,0,2.99954,0,13.744
function@Perl_gv_const_sv,0,0,0,0,0,4,0,0,0,0,0.895833
function@Perl_newGP,0,0,0,0,0,7,0,0,0,0,4.8
function@Perl_cvgv_set,0,0,0,0,0,5,0,0,0,0,2.19394
function@Perl_cvgv_from_hek,0,0,0,0,0,6,0,0,0,0,3.66154
function@Perl_cvstash_set,0,0,0,0,0,5,0,0,0,0,3.14706
function@Perl_gv_init_sv,0,0,0,0,0,8,0,0,0,0,7
function@Perl_gv_init_pv,0,0,0,0,0,10,0,0,0,0,10
function@Perl_gv_name_set,0,0,0,0,0,6,0,0,0,0,5.64
function@Perl_gv_fetchmeth_sv,0,0,0,0,0,12,0,0,0,0,8
function@S_gv_fetchmeth_internal,64,0,0,27,0,28,43.0387,0,6.88188,0,55.9641
function@Perl_gv_fetchmeth_pvn,0,0,0,0,0,5,0,0,0,0,5
function@Perl_gv_fetchmeth_pv,0,0,0,0,0,10,0,0,0,0,10
function@Perl_gv_fetchmeth_sv_autoload,0,0,0,0,0,8,0,0,0,0,7
function@Perl_gv_fetchmeth_pvn_autoload,0,0,0,0,0,23,0,0,0,0,10.958
function@Perl_gv_fetchmeth_pv_autoload,0,0,0,0,0,10,0,0,0,0,10
function@Perl_gv_fetchmethod_autoload,0,0,0,0,0,7,0,0,0,0,7
function@Perl_gv_fetchmethod_pv_flags,0,0,0,0,0,8,0,0,0,0,8
function@Perl_gv_fetchmethod_sv_flags,0,0,0,0,0,6,0,0,0,0,5
function@Perl_gv_fetchmethod_pvn_flags,10,0,0,2,0,60,1.48692,0,2,0,31.457
function@Perl_gv_stashpvn,0,0,0,0,0,4,0,0,0,0,4
function@Perl_gv_autoload_pvn,0,0,0,0,0,52,0,0,0,0,13.5981
function@Perl_gv_autoload_sv,0,0,0,0,0,6,0,0,0,0,5
function@Perl_gv_autoload_pv,0,0,0,0,0,8,0,0,0,0,8
function@Perl_gv_stashpv,0,0,0,0,0,6,0,0,0,0,6
function@S_gv_stashsvpvn_cached,0,0,0,0,0,30,0,0,0,0,9.11096
function@Perl_gv_stashsv,0,0,0,0,0,1,0,0,0,0,1
function@Perl_gv_fetchpv,0,0,0,0,0,8,0,0,0,0,8
function@Perl_gv_fetchpvn_flags,172,0,0,34,0,123,15.0559,0,10.7928,0,11.7174
function@Perl_gv_fetchsv,0,0,0,0,0,5,0,0,0,0,4.5
function@S_gv_init_svtype,0,0,0,0,0,4,0,0,0,0,1.04233
function@S_gv_magicalize_isa,0,0,0,0,0,5,0,0,0,0,2.33939
function@Perl_gv_fullname4,0,0,0,0,0,15,0,0,0,0,7.58571
function@Perl_gv_efullname4,0,0,0,0,0,2,0,0,0,0,0.741935
function@Perl_gv_check,0,0,0,0,0,7,0,0,0,0,220.76
function@Perl_newGVgen_flags,0,0,0,0,0,9,0,0,0,0,9
function@Perl_gp_ref,0,0,0,0,0,2,0,0,0,0,2
function@Perl_gp_free,8,0,0,1,0,9,380.216,0,1,0,788.456
function@Perl_magic_freeovrld,0,0,0,0,0,0,0,0,0,0,0
function@Perl_Gv_AMupdate,7,0,0,5,0,51,30.4868,0,15.4823,0,87.0069
function@Perl_gv_handler,0,0,0,0,0,19,0,0,0,0,7.95815
function@Perl_try_amagic_un,0,0,0,0,0,15,0,0,0,0,5.10623
function@Perl_amagic_call,58,0,0,95,0,149,3.69205,0,3.84775,0,13.4546
function@Perl_try_amagic_bin,0,0,0,0,0,26,0,0,0,0,7.90826
function@Perl_amagic_deref_call,0,0,0,0,0,15,0,0,0,0,5.87593
function@Perl_amagic_is_enabled,0,0,0,0,0,4,0,0,0,0,1.73633
function@Perl_gv_try_downgrade,0,0,0,0,0,2,0,0,0,0,1
function@Perl_gv_override,0,0,0,0,0,16,0,0,0,0,8.90764
function@S_maybe_add_coresub,16,0,0,4,0,36,1.15661,0,1.22719,0,9.534
function@core_xsub,0,0,0,0,0,0,0,0,0,0,0
function@S_require_tie_mod,0,0,0,0,0,28,0,0,0,0,15.9821
function@Perl_pad_new,0,0,0,0,0,10,0,0,0,0,6.69841
function@Perl_newPADNAMELIST,0,0,0,0,0,3,0,0,0,0,3
function@Perl_padnamelist_store,0,0,0,0,0,7,0,0,0,0,6
function@Perl_cv_undef,0,0,0,0,0,0,0,0,0,0,0
function@Perl_cv_undef_flags,33,0,0,1,0,11,13.3261,0,1,0,5.68841
function@Perl_padnamelist_free,0,0,0,0,0,3,0,0,0,0,4.14706
function@Perl_cv_forget_slab,0,0,0,0,0,0,0,0,0,0,0
function@Perl_pad_add_name_pvn,17,0,0,3,0,19,17.076,0,2.15613,0,11.6226
function@Perl_newPADNAMEpvn,0,0,0,0,0,7,0,0,0,0,7
function@S_pad_alloc_name,0,0,0,0,0,8,0,0,0,0,7
function@Perl_pad_add_name_pv,0,0,0,0,0,10,0,0,0,0,10
function@Perl_pad_add_name_sv,0,0,0,0,0,6,0,0,0,0,6
function@Perl_pad_alloc,0,0,0,0,0,8,0,0,0,0,47.6274
function@Perl_pad_add_anon,0,0,0,0,0,9,0,0,0,0,7.96
function@Perl_pad_add_weakref,0,0,0,0,0,11,0,0,0,0,10
function@Perl_pad_findmy_pvn,0,0,0,0,0,9,0,0,0,0,6.23568
function@S_pad_findlex,28,0,0,10,0,29,6.9631,0,5.18678,0,16.129
function@Perl_pad_findmy_pv,0,0,0,0,0,6,0,0,0,0,6
function@Perl_pad_findmy_sv,0,0,0,0,0,2,0,0,0,0,2
function@Perl_find_rundefsvoffset,0,0,0,0,0,1,0,0,0,0,1
function@Perl_find_rundefsv,0,0,0,0,0,1,0,0,0,0,1
function@Perl_find_rundefsv2,0,0,0,0,0,3,0,0,0,0,3
function@Perl_pad_block_start,0,0,0,0,0,4,0,0,0,0,4
function@Perl_intro_my,0,0,0,0,0,0,0,0,0,0,0
function@Perl_pad_leavemy,0,0,0,0,0,8,0,0,0,0,11.9034
function@Perl_pad_swipe,0,0,0,0,0,3,0,0,0,0,2.30864
function@Perl_pad_tidy,2,0,0,1,0,8,9.21053,0,0.210526,0,6.94737
function@Perl_pad_free,0,0,0,0,0,1,0,0,0,0,1
function@Perl_do_dump_pad,0,0,0,0,0,33,0,0,0,0,48.5
function@Perl_cv_clone,0,0,0,0,0,2,0,0,0,0,2
function@S_cv_clone,103,0,0,23,0,34,82.9839,0,16.0361,0,18.6154
function@Perl_cv_clone_into,0,0,0,0,0,5,0,0,0,0,5
function@Perl_cv_name,0,0,0,0,0,19,0,0,0,0,5.77854
function@Perl_pad_fixup_inner_anons,0,0,0,0,0,4,0,0,0,0,3.93793
function@Perl_pad_push,0,0,0,0,0,22,0,0,0,0,40.6487
function@Perl_padlist_store,0,0,0,0,0,6,0,0,0,0,4.44
function@Perl_padname_free,0,0,0,0,0,2,0,0,0,0,1.18382
function@Perl_padnamelist_fetch,0,0,0,0,0,1,0,0,0,0,0.5
function@Perl_newPADNAMEouter,0,0,0,0,0,1,0,0,0,0,1
function@Perl_pp_stub,0,0,0,0,0,3,0,0,0,0,0.774194
function@Perl_pp_padav,0,0,0,0,0,17,0,0,0,0,7.45788
function@Perl_pp_padhv,0,0,0,0,0,8,0,0,0,0,1.82955
function@Perl_pp_padcv,0,0,0,0,0,1,0,0,0,0,0.5
function@Perl_pp_introcv,0,0,0,0,0,0,0,0,0,0,0
function@Perl_pp_clonecv,0,0,0,0,0,2,0,0,0,0,1
function@Perl_pp_rv2gv,0,0,0,0,0,2,0,0,0,0,1.38095
function@S_rv2gv,0,0,0,0,0,36,0,0,0,0,8.00537
function@Perl_softref2xv,0,0,0,0,0,16,0,0,0,0,6.81177
function@Perl_pp_rv2sv,0,0,0,0,0,11,0,0,0,0,2.12991
function@Perl_pp_av2arylen,0,0,0,0,0,4,0,0,0,0,1.69565
function@Perl_pp_pos,0,0,0,0,0,7,0,0,0,0,1.88445
function@Perl_pp_rv2cv,0,0,0,0,0,1,0,0,0,0,1
function@Perl_pp_prototype,0,0,0,0,0,9,0,0,0,0,2.7207
function@Perl_pp_anoncode,0,0,0,0,0,5,0,0,0,0,2.5
function@Perl_pp_srefgen,0,0,0,0,0,0,0,0,0,0,0
function@S_refto,0,0,0,0,0,8,0,0,0,0,4.75591
function@Perl_pp_refgen,0,0,0,0,0,3,0,0,0,0,0.746032
function@Perl_pp_ref,0,0,0,0,0,1,0,0,0,0,0.5
function@Perl_pp_bless,0,0,0,0,0,8,0,0,0,0,21.9375
function@Perl_pp_gelem,0,0,0,0,0,19,0,0,0,0,1.13763
function@Perl_pp_study,0,0,0,0,0,1,0,0,0,0,0.5
function@Perl_pp_trans,0,0,0,0,0,9,0,0,0,0,3.5
function@Perl_pp_schop,0,0,0,0,0,4,0,0,0,0,3
function@S_do_chomp,0,0,0,0,0,84,0,0,0,0,40.4405
function@Perl_pp_chop,0,0,0,0,0,9,0,0,0,0,19.9375
function@Perl_pp_undef,0,0,0,0,0,26,0,0,0,0,1.46522
function@Perl_pp_postinc,0,0,0,0,0,4,0,0,0,0,2.25
function@Perl_pp_pow,0,0,0,0,0,27,0,0,0,0,6.75
function@Perl_pp_multiply,0,0,0,0,0,12,0,0,0,0,3.51511
function@Perl_pp_divide,0,0,0,0,0,13,0,0,0,0,2.78002
function@Perl_pp_modulo,0,0,0,0,0,27,0,0,0,0,5.77703
function@Perl_pp_repeat,4,0,0,2,0,23,0.550293,0,0.765625,0,2.93835
function@Perl_pp_subtract,0,0,0,0,0,13,0,0,0,0,3.2379
function@Perl_pp_left_shift,0,0,0,0,0,7,0,0,0,0,2.73913
function@Perl_pp_right_shift,0,0,0,0,0,7,0,0,0,0,2.73913
function@Perl_pp_lt,0,0,0,0,0,1,0,0,0,0,1
function@Perl_do_ncmp,0,0,0,0,0,7,0,0,0,0,3.8651
function@Perl_pp_gt,0,0,0,0,0,1,0,0,0,0,1
function@Perl_pp_le,0,0,0,0,0,1,0,0,0,0,1
function@Perl_pp_ge,0,0,0,0,0,1,0,0,0,0,1
function@Perl_pp_ne,0,0,0,0,0,1,0,0,0,0,1
function@Perl_pp_ncmp,0,0,0,0,0,3,0,0,0,0,1.52174
function@Perl_pp_sle,0,0,0,0,0,3,0,0,0,0,2.16
function@Perl_pp_seq,0,0,0,0,0,1,0,0,0,0,1
function@Perl_pp_sne,0,0,0,0,0,1,0,0,0,0,1
function@Perl_pp_scmp,0,0,0,0,0,3,0,0,0,0,2
function@Perl_pp_bit_and,0,0,0,0,0,14,0,0,0,0,3.06667
function@Perl_pp_nbit_and,0,0,0,0,0,9,0,0,0,0,3.43478
function@Perl_pp_sbit_and,0,0,0,0,0,4,0,0,0,0,2.73913
function@Perl_pp_bit_or,0,0,0,0,0,17,0,0,0,0,3.50538
function@Perl_pp_nbit_or,0,0,0,0,0,11,0,0,0,0,3.49462
function@Perl_pp_sbit_or,0,0,0,0,0,4,0,0,0,0,2.68
function@Perl_pp_negate,0,0,0,0,0,10,0,0,0,0,1.48519
function@S_negate_string,0,0,0,0,0,14,0,0,0,0,1.71875
function@Perl_pp_not,0,0,0,0,0,0,0,0,0,0,0
function@Perl_pp_complement,0,0,0,0,0,6,0,0,0,0,1.22973
function@S_scomplement,45,0,0,9,0,27,48.6318,0,28.0703,0,29.7812
function@Perl_pp_ncomplement,0,0,0,0,0,3,0,0,0,0,1.04348
function@Perl_pp_scomplement,0,0,0,0,0,2,0,0,0,0,1
function@Perl_pp_i_multiply,0,0,0,0,0,4,0,0,0,0,2.32
function@Perl_pp_i_divide,0,0,0,0,0,5,0,0,0,0,2.18367
function@Perl_pp_i_modulo,0,0,0,0,0,5,0,0,0,0,2.05882
function@Perl_pp_i_add,0,0,0,0,0,5,0,0,0,0,2.5
function@Perl_pp_i_subtract,0,0,0,0,0,5,0,0,0,0,2.5
function@Perl_pp_i_lt,0,0,0,0,0,2,0,0,0,0,1.32
function@Perl_pp_i_gt,0,0,0,0,0,2,0,0,0,0,1.32
function@Perl_pp_i_le,0,0,0,0,0,2,0,0,0,0,1.32
function@Perl_pp_i_ge,0,0,0,0,0,2,0,0,0,0,1.32
function@Perl_pp_i_eq,0,0,0,0,0,2,0,0,0,0,1.32
function@Perl_pp_i_ne,0,0,0,0,0,2,0,0,0,0,1.32
function@Perl_pp_i_ncmp,0,0,0,0,0,4,0,0,0,0,2.32
function@Perl_pp_i_negate,0,0,0,0,0,2,0,0,0,0,0.521739
function@Perl_pp_atan2,0,0,0,0,0,5,0,0,0,0,3
function@Perl_pp_sin,0,0,0,0,0,17,0,0,0,0,5.06771
function@Perl_pp_rand,0,0,0,0,0,5,0,0,0,0,1.7619
function@Perl_pp_srand,0,0,0,0,0,7,0,0,0,0,3
function@Perl_pp_int,0,0,0,0,0,21,0,0,0,0,2.28763
function@Perl_pp_abs,0,0,0,0,0,11,0,0,0,0,1.79597
function@Perl_pp_oct,0,0,0,0,0,11,0,0,0,0,3.875
function@Perl_pp_length,0,0,0,0,0,8,0,0,0,0,1.875
function@Perl_translate_substr_offsets,0,0,0,0,0,8,0,0,0,0,1.2
function@Perl_pp_substr,26,0,0,22,0,47,5.70721,0,6.60156,0,7.12726
function@Perl_pp_vec,0,0,0,0,0,13,0,0,0,0,8.07059
function@Perl_pp_index,27,0,0,13,0,32,8.6543,0,3.19049,0,11.1661
function@Perl_pp_sprintf,0,0,0,0,0,4,0,0,0,0,2.76
function@Perl_pp_ord,0,0,0,0,0,11,0,0,0,0,4.44653
function@Perl_pp_chr,0,0,0,0,0,23,0,0,0,0,5.60674
function@Perl_pp_crypt,0,0,0,0,0,0,0,0,0,0,0
function@Perl_pp_ucfirst,0,0,0,0,0,45,0,0,0,0,8.64462
function@Perl_pp_uc,54,0,0,10,0,13,32.5638,0,10.6216,0,19.9163
function@Perl_pp_lc,0,0,0,0,0,18,0,0,0,0,17.625
function@Perl_pp_quotemeta,0,0,0,0,0,7,0,0,0,0,3.03125
function@Perl_pp_fc,28,0,0,1,0,13,19.2589,0,1,0,15.8574
function@Perl_pp_aslice,21,0,0,7,0,21,19.8505,0,3.59107,0,14.3471
function@Perl_pp_kvaslice,0,0,0,0,0,17,0,0,0,0,42.8267
function@Perl_pp_rkeys,0,0,0,0,0,1,0,0,0,0,0.5
function@Perl_pp_akeys,0,0,0,0,0,18,0,0,0,0,14.4531
function@Perl_pp_each,0,0,0,0,0,11,0,0,0,0,6.02381
function@Perl_pp_aeach,0,0,0,0,0,14,0,0,0,0,6.57647
function@Perl_pp_delete,45,0,0,24,0,54,17.0818,0,6.29036,0,19.8058
function@Perl_pp_exists,0,0,0,0,0,5,0,0,0,0,0.791667
function@Perl_pp_hslice,14,0,0,1,0,20,18.6502,0,1,0,27.5215
function@Perl_pp_kvhslice,0,0,0,0,0,14,0,0,0,0,46.6296
function@Perl_pp_list,0,0,0,0,0,0,0,0,0,0,0
function@Perl_pp_lslice,0,0,0,0,0,9,0,0,0,0,5.93137
function@Perl_pp_anonlist,0,0,0,0,0,7,0,0,0,0,4.19048
function@Perl_pp_anonhash,6,0,0,3,0,9,58.1905,0,25.3333,0,74.4286
function@Perl_pp_splice,83,0,0,22,0,40,43.5176,0,4.82904,0,7.67799
function@Perl_pp_push,0,0,0,0,0,13,0,0,0,0,43.6535
function@Perl_pp_shift,0,0,0,0,0,10,0,0,0,0,4.46078
function@Perl_pp_unshift,2,0,0,1,0,13,1.30709,0,1,0,47.6693
function@Perl_pp_reverse,0,0,0,0,0,53,0,0,0,0,50.7593
function@Perl_pp_split,232,0,0,70,0,104,204.714,0,49.9421,0,23.7733
function@Perl_pp_once,0,0,0,0,0,0,0,0,0,0,0
function@Perl_pp_lock,0,0,0,0,0,3,0,0,0,0,2
function@Perl_unimplemented_op,0,0,0,0,0,0,0,0,0,0,0
function@Perl_pp_coreargs,4,0,0,3,0,23,1.24,0,1.62512,0,18.4465
function@Perl_pp_runcv,0,0,0,0,0,6,0,0,0,0,3.25
function@Perl_pp_refassign,0,0,0,0,0,28,0,0,0,0,1.41191
function@S_localise_gv_slot,0,0,0,0,0,4,0,0,0,0,1.94737
function@S_localise_aelem_lval,0,0,0,0,0,15,0,0,0,0,9.4375
function@S_localise_helem_lval,0,0,0,0,0,12,0,0,0,0,7.92857
function@Perl_pp_lvref,0,0,0,0,0,22,0,0,0,0,7.30472
function@Perl_pp_lvrefslice,0,0,0,0,0,17,0,0,0,0,81.2887
function@Perl_pp_lvavref,0,0,0,0,0,1,0,0,0,0,0.5
function@Perl_pp_anonconst,0,0,0,0,0,0,0,0,0,0,0
function@Perl_do_trans,105,0,0,57,0,176,22.6875,0,4.14999,0,40.8256
function@Perl_do_join,17,0,0,8,0,19,42.0469,0,20.9219,0,61.5781
function@Perl_do_sprintf,0,0,0,0,0,8,0,0,0,0,6.5
function@Perl_do_vecget,0,0,0,0,0,20,0,0,0,0,6.19141
function@Perl_do_vecset,0,0,0,0,0,15,0,0,0,0,4.89062
function@Perl_do_vop,121,0,0,28,0,137,47.5143,0,23.541,0,61.7178
function@Perl_do_kv,0,0,0,0,0,52,0,0,0,0,44.9333
function@Perl_new_numeric,0,0,0,0,0,0,0,0,0,0,0
function@Perl_set_numeric_standard,0,0,0,0,0,0,0,0,0,0,0
function@Perl_set_numeric_local,0,0,0,0,0,0,0,0,0,0,0
function@Perl_new_ctype,0,0,0,0,0,0,0,0,0,0,0
function@Perl__warn_problematic_locale,0,0,0,0,0,0,0,0,0,0,0
function@Perl_new_collate,0,0,0,0,0,0,0,0,0,0,0
function@Perl_init_i18nl10n,0,0,0,0,0,0,0,0,0,0,0
function@Perl__is_in_locale_category,0,0,0,0,0,3,0,0,0,0,3
function@Perl_my_strerror,0,0,0,0,0,0,0,0,0,0,0
function@Perl_sync_locale,0,0,0,0,0,0,0,0,0,0,0
function@Perl_sv_derived_from_sv,0,0,0,0,0,6,0,0,0,0,5
function@Perl_sv_derived_from_pvn,0,0,0,0,0,16,0,0,0,0,8.33824
function@Perl_sv_derived_from,0,0,0,0,0,6,0,0,0,0,6
function@Perl_sv_derived_from_pv,0,0,0,0,0,8,0,0,0,0,8
function@S_isa_lookup,0,0,0,0,0,19,0,0,0,0,9.90893
function@Perl_sv_does_sv,0,0,0,0,0,22,0,0,0,0,5.98825
function@Perl_sv_does,0,0,0,0,0,7,0,0,0,0,7
function@Perl_sv_does_pv,0,0,0,0,0,8,0,0,0,0,8
function@Perl_sv_does_pvn,0,0,0,0,0,6,0,0,0,0,6
function@Perl_croak_xs_usage,0,0,0,0,0,7,0,0,0,0,3.84404
function@XS_UNIVERSAL_isa,0,0,0,0,0,4,0,0,0,0,0.578125
function@XS_UNIVERSAL_can,0,0,0,0,0,3,0,0,0,0,0.805804
function@XS_UNIVERSAL_DOES,0,0,0,0,0,0,0,0,0,0,0
function@XS_utf8_is_utf8,0,0,0,0,0,1,0,0,0,0,0.258065
function@XS_utf8_valid,0,0,0,0,0,1,0,0,0,0,0.25
function@XS_utf8_encode,0,0,0,0,0,0,0,0,0,0,0
function@XS_utf8_decode,0,0,0,0,0,5,0,0,0,0,1.96774
function@XS_utf8_upgrade,0,0,0,0,0,5,0,0,0,0,1.96774
function@XS_utf8_downgrade,0,0,0,0,0,9,0,0,0,0,1.89662
function@XS_utf8_native_to_unicode,0,0,0,0,0,4,0,0,0,0,3
function@XS_utf8_unicode_to_native,0,0,0,0,0,4,0,0,0,0,3
function@XS_Internals_SvREADONLY,0,0,0,0,0,0,0,0,0,0,0
function@XS_constant__make_const,0,0,0,0,0,0,0,0,0,0,0
function@XS_Internals_SvREFCNT,0,0,0,0,0,0,0,0,0,0,0
function@XS_Internals_hv_clear_placehold,0,0,0,0,0,0,0,0,0,0,0
function@XS_PerlIO_get_layers,36,0,0,11,0,39,48.6144,0,16.7667,0,37.8758
function@XS_re_is_regexp,0,0,0,0,0,0,0,0,0,0,0
function@XS_re_regnames_count,0,0,0,0,0,2,0,0,0,0,0.970588
function@XS_re_regname,0,0,0,0,0,2,0,0,0,0,0.781297
function@XS_re_regnames,0,0,0,0,0,12,0,0,0,0,18.0253
function@XS_re_regexp_pattern,0,0,0,0,0,17,0,0,0,0,6.35417
function@XS_universal_version,0,0,0,0,0,40,0,0,0,0,10.6009
function@XS_version_new,0,0,0,0,0,27,0,0,0,0,11.1842
function@XS_version_stringify,0,0,0,0,0,3,0,0,0,0,2.32
function@XS_version_numify,0,0,0,0,0,3,0,0,0,0,2.32
function@XS_version_normal,0,0,0,0,0,3,0,0,0,0,2.32
function@XS_version_vcmp,0,0,0,0,0,12,0,0,0,0,7.76344
function@XS_version_boolean,0,0,0,0,0,5,0,0,0,0,4.32
function@XS_version_noop,0,0,0,0,0,0,0,0,0,0,0
function@XS_version_is_alpha,0,0,0,0,0,0,0,0,0,0,0
function@S_version_check_key,0,0,0,0,0,7,0,0,0,0,6.64
function@XS_version_qv,0,0,0,0,0,28,0,0,0,0,8.10382
function@XS_version_is_qv,0,0,0,0,0,0,0,0,0,0,0
function@Perl_boot_core_UNIVERSAL,0,0,0,0,0,9,0,0,0,0,39.875
function@optimize_out_native_convert_function,0,0,0,0,0,16,0,0,0,0,10.3929
